1.000000 0.000000 0.000000 0.000000 0.000000 1.000000 0.000000 0.000000 0.000000 0.000000 1.000000 0.000000
0.999997 0.002241 0.000399 0.448284 -0.002241 0.999997 0.000126 0.036116 -0.000399 -0.000127 1.000000 0.091341
0.999996 0.002992 0.000138 0.916463 -0.002992 0.999995 0.000644 0.028448 -0.000136 -0.000644 1.000000 0.183171
0.999995 0.002819 -0.001074 1.421446 -0.002818 0.999996 0.000905 0.015088 0.001077 -0.000902 0.999999 0.261988
0.999991 0.002139 -0.003599 1.945787 -0.002137 0.999998 0.000566 0.016210 0.003600 -0.000558 0.999993 0.211640
0.999978 0.003425 -0.005646 2.448329 -0.003414 0.999992 0.001932 -0.012895 0.005653 -0.001912 0.999982 0.227875
0.999968 0.003719 -0.007018 2.939222 -0.003703 0.999990 0.002358 -0.024685 0.007027 -0.002332 0.999973 0.268241
0.999945 0.004137 -0.009605 3.447075 -0.004104 0.999986 0.003385 -0.049809 0.009619 -0.003346 0.999948 0.291634
0.999935 0.004093 -0.010632 3.922600 -0.004049 0.999983 0.004145 -0.065293 0.010648 -0.004102 0.999935 0.348850
0.999914 0.004187 -0.012396 4.416408 -0.004135 0.999983 0.004199 -0.064171 0.012414 -0.004147 0.999914 0.387679
0.999883 0.005700 -0.014208 4.915426 -0.005624 0.999970 0.005373 -0.104162 0.014239 -0.005292 0.999885 0.408309
0.999884 0.005119 -0.014362 5.386509 -0.005051 0.999976 0.004763 -0.085908 0.014386 -0.004690 0.999886 0.433813
0.999873 0.005617 -0.014921 5.865878 -0.005539 0.999971 0.005293 -0.103476 0.014950 -0.005209 0.999875 0.452043
0.999797 0.005621 -0.019357 6.418102 -0.005520 0.999971 0.005264 -0.108127 0.019386 -0.005156 0.999799 0.498474
0.999773 0.006949 -0.020153 6.876089 -0.006845 0.999963 0.005195 -0.110786 0.020188 -0.005056 0.999783 0.561586
0.999731 0.007354 -0.021978 7.370590 -0.007234 0.999958 0.005539 -0.122360 0.022018 -0.005378 0.999743 0.591204
0.999698 0.007493 -0.023422 7.854511 -0.007350 0.999954 0.006211 -0.141192 0.023467 -0.006037 0.999706 0.623389
0.999728 0.005677 -0.022615 8.319736 -0.005561 0.999971 0.005160 -0.115869 0.022644 -0.005032 0.999731 0.616761
0.999717 0.005936 -0.023020 8.754031 -0.005809 0.999967 0.005592 -0.129526 0.023052 -0.005457 0.999719 0.627259
0.999689 0.000678 -0.024928 9.248700 -0.000557 0.999988 0.004843 -0.112837 0.024931 -0.004828 0.999678 0.468361
0.999772 0.002535 -0.021217 9.597215 -0.002463 0.999991 0.003426 -0.069436 0.021225 -0.003373 0.999769 0.557991
0.999765 0.002338 -0.021529 10.064948 -0.002251 0.999989 0.004087 -0.082811 0.021538 -0.004037 0.999760 0.558613
0.999643 0.001917 -0.026666 10.609349 -0.001796 0.999988 0.004582 -0.092205 0.026674 -0.004533 0.999634 0.536765
0.999674 0.002717 -0.025370 10.975058 -0.002627 0.999990 0.003589 -0.048949 0.025379 -0.003521 0.999672 0.638699
0.999641 0.003406 -0.026575 11.448904 -0.003284 0.999984 0.004626 -0.093808 0.026590 -0.004537 0.999636 0.642029
0.999606 0.002534 -0.027955 11.923980 -0.002466 0.999994 0.002472 -0.007973 0.027962 -0.002402 0.999606 0.922544
0.999582 0.002457 -0.028794 12.400501 -0.002380 0.999993 0.002714 -0.019865 0.028800 -0.002644 0.999582 0.903399
0.999609 0.001373 -0.027927 12.809093 -0.001351 0.999999 0.000809 0.045830 0.027928 -0.000770 0.999610 1.026209
0.999581 0.002676 -0.028830 13.294000 -0.002563 0.999989 0.003972 -0.070758 0.028840 -0.003896 0.999576 1.025382
0.999521 0.002895 -0.030810 13.783253 -0.002761 0.999986 0.004403 -0.089463 0.030822 -0.004316 0.999516 1.070612
0.999489 0.003406 -0.031789 14.245654 -0.003248 0.999982 0.005022 -0.115117 0.031806 -0.004916 0.999482 1.131328
0.999412 0.001263 -0.034263 14.788200 -0.001233 0.999999 0.000892 0.017099 0.034264 -0.000849 0.999412 1.127379
0.999373 0.001457 -0.035378 15.284086 -0.001442 0.999999 0.000454 0.034426 0.035378 -0.000403 0.999374 1.187838
0.999114 0.001884 -0.042034 16.008133 -0.001818 0.999997 0.001602 -0.016365 0.042037 -0.001524 0.999115 1.050644
0.999026 0.001961 -0.044091 16.521804 -0.001886 0.999997 0.001733 -0.015453 0.044095 -0.001648 0.999026 1.099290
0.998966 0.002190 -0.045415 17.011614 -0.002102 0.999996 0.001991 -0.020794 0.045419 -0.001893 0.998966 1.108397
0.998895 0.002487 -0.046926 17.505792 -0.002387 0.999995 0.002173 -0.042465 0.046931 -0.002059 0.998896 1.193393
0.998789 0.002407 -0.049133 18.031128 -0.002307 0.999995 0.002083 -0.043926 0.049138 -0.001968 0.998790 1.240645
0.998793 0.004448 -0.048909 18.442662 -0.004243 0.999982 0.004287 -0.130592 0.048927 -0.004074 0.998794 1.378366
0.998680 0.006114 -0.050994 18.978395 -0.005768 0.999959 0.006929 -0.239454 0.051034 -0.006626 0.998675 1.457125
0.998672 0.006129 -0.051144 19.400670 -0.005795 0.999961 0.006674 -0.229229 0.051183 -0.006369 0.998669 1.567627
0.998635 0.005882 -0.051892 19.842352 -0.005516 0.999959 0.007191 -0.240013 0.051932 -0.006895 0.998627 1.579774
0.998535 0.005422 -0.053836 20.347142 -0.005100 0.999968 0.006129 -0.206306 0.053868 -0.005846 0.998531 1.709228
0.998467 0.006080 -0.055018 20.815255 -0.005699 0.999959 0.007075 -0.259606 0.055059 -0.006750 0.998460 1.799693
0.998281 0.005830 -0.058319 21.355366 -0.005443 0.999962 0.006795 -0.248837 0.058357 -0.006466 0.998275 1.796210
0.998201 0.006007 -0.059651 21.834466 -0.005573 0.999957 0.007429 -0.281556 0.059693 -0.007083 0.998192 1.859556
0.998127 0.006924 -0.060789 22.281623 -0.006414 0.999943 0.008571 -0.328440 0.060845 -0.008165 0.998114 1.948684
0.998001 0.005464 -0.062959 22.787744 -0.005069 0.999966 0.006428 -0.231250 0.062992 -0.006096 0.997995 1.959969
0.997946 0.005467 -0.063824 23.206229 -0.005086 0.999968 0.006129 -0.217787 0.063856 -0.005792 0.997942 2.089308
0.997846 0.005735 -0.065350 23.707573 -0.005327 0.999965 0.006425 -0.232815 0.065385 -0.006063 0.997842 2.161778
0.997695 0.004403 -0.067714 24.278240 -0.004067 0.999979 0.005104 -0.174411 0.067735 -0.004817 0.997692 2.161821
0.997705 0.004175 -0.067575 24.664014 -0.003892 0.999983 0.004308 -0.134944 0.067592 -0.004035 0.997705 2.296529
0.997670 0.004611 -0.068067 25.093228 -0.004294 0.999979 0.004810 -0.156123 0.068088 -0.004507 0.997669 2.424112
0.997536 0.004160 -0.070040 25.612214 -0.003847 0.999982 0.004598 -0.153651 0.070058 -0.004317 0.997534 2.471032
0.997509 0.006009 -0.070287 26.056521 -0.005523 0.999959 0.007120 -0.276674 0.070327 -0.006714 0.997501 2.451362
0.997354 0.003057 -0.072637 26.518494 -0.002855 0.999992 0.002885 -0.098162 0.072645 -0.002670 0.997354 2.675433
0.997305 0.003774 -0.073273 26.959740 -0.003472 0.999985 0.004246 -0.166159 0.073288 -0.003981 0.997303 2.781654
0.997372 0.003410 -0.072376 27.337367 -0.003122 0.999987 0.004083 -0.170610 0.072389 -0.003846 0.997369 2.846311
0.997140 0.002858 -0.075522 27.839959 -0.002581 0.999990 0.003761 -0.156191 0.075532 -0.003555 0.997137 2.965285
0.997060 0.001994 -0.076602 28.302175 -0.001784 0.999994 0.002808 -0.110451 0.076607 -0.002663 0.997058 3.109912
0.996924 0.001243 -0.078359 28.765846 -0.001063 0.999997 0.002340 -0.095510 0.078361 -0.002249 0.996922 3.158849
0.996875 0.000545 -0.078993 29.182561 -0.000409 0.999998 0.001741 -0.076859 0.078994 -0.001703 0.996874 3.297568
0.997464 0.000058 -0.071179 29.117766 0.000040 0.999999 0.001379 -0.067830 0.071179 -0.001378 0.997463 3.663277
0.997483 0.000215 -0.070900 29.486472 -0.000104 0.999999 0.001572 -0.075288 0.070900 -0.001561 0.997482 3.747292
0.996713 0.002469 -0.080982 30.389987 -0.002219 0.999992 0.003176 -0.138320 0.080989 -0.002986 0.996710 3.504423
0.996555 0.002312 -0.082903 30.887361 -0.002062 0.999993 0.003097 -0.136899 0.082910 -0.002916 0.996553 3.543818
0.996333 0.002935 -0.085511 31.365379 -0.002644 0.999990 0.003526 -0.155951 0.085521 -0.003287 0.996331 3.638612
0.996322 0.003225 -0.085623 31.733863 -0.002966 0.999991 0.003154 -0.135180 0.085633 -0.002888 0.996323 3.749597
0.996269 0.001664 -0.086284 32.162860 -0.001322 0.999991 0.004025 -0.180265 0.086290 -0.003896 0.996262 3.759621
0.996315 0.002099 -0.085739 32.529901 -0.001828 0.999993 0.003237 -0.144811 0.085745 -0.003068 0.996312 3.867609
0.996597 0.003109 -0.082372 32.860386 -0.002760 0.999987 0.004353 -0.202578 0.082384 -0.004111 0.996592 3.870048
0.996147 0.003738 -0.087617 33.359548 -0.003292 0.999981 0.005235 -0.247348 0.087635 -0.004926 0.996140 4.040849
0.996123 0.003569 -0.087904 33.759434 -0.003127 0.999982 0.005176 -0.247821 0.087920 -0.004881 0.996116 4.097852
0.995891 0.008461 -0.090167 34.293863 -0.007893 0.999947 0.006646 -0.351741 0.090219 -0.005907 0.995904 4.109031
0.995662 0.005904 -0.092859 34.781186 -0.005431 0.999971 0.005348 -0.285818 0.092888 -0.004821 0.995665 4.204692
0.995730 0.004678 -0.092196 35.077710 -0.004329 0.999983 0.003982 -0.209044 0.092213 -0.003566 0.995733 4.343416
0.995509 0.005427 -0.094513 35.549489 -0.005058 0.999979 0.004144 -0.232990 0.094533 -0.003647 0.995515 4.401459
0.995634 0.005683 -0.093175 35.733018 -0.005426 0.999981 0.003013 -0.174806 0.093190 -0.002494 0.995645 4.682008
0.994932 0.002297 -0.100528 36.681183 -0.002132 0.999996 0.001750 -0.071899 0.100532 -0.001527 0.994933 4.542994
0.994785 0.002652 -0.101958 37.225982 -0.002433 0.999994 0.002272 -0.103494 0.101963 -0.002012 0.994786 4.478584
0.994644 0.002585 -0.103324 37.692438 -0.002300 0.999993 0.002875 -0.136417 0.103331 -0.002622 0.994644 4.511990
0.994465 0.002209 -0.105044 38.165425 -0.001925 0.999994 0.002800 -0.129310 0.105050 -0.002583 0.994464 4.569287
0.994377 0.001849 -0.105878 38.610052 -0.001592 0.999996 0.002508 -0.116608 0.105882 -0.002325 0.994376 4.625549
0.994253 0.001936 -0.107039 39.072106 -0.001654 0.999995 0.002723 -0.125018 0.107044 -0.002531 0.994251 4.690735
0.994142 0.001353 -0.108073 39.521007 -0.001008 0.999994 0.003241 -0.133305 0.108077 -0.003113 0.994138 4.751810
0.994016 0.002164 -0.109216 39.911733 -0.001868 0.999994 0.002816 -0.134905 0.109222 -0.002595 0.994014 4.909220
0.993788 0.002311 -0.111265 40.334105 -0.002078 0.999995 0.002210 -0.112651 0.111269 -0.001965 0.993788 5.138417
0.993644 0.002320 -0.112541 40.802027 -0.002106 0.999996 0.002018 -0.106840 0.112545 -0.001769 0.993645 5.183891
0.993551 0.002350 -0.113363 41.223437 -0.002140 0.999996 0.001973 -0.109332 0.113367 -0.001717 0.993552 5.270733
0.993182 0.003033 -0.116536 41.912550 -0.002712 0.999992 0.002914 -0.163629 0.116544 -0.002578 0.993182 5.245226
0.993011 0.002564 -0.117990 42.384479 -0.002244 0.999993 0.002852 -0.154234 0.117997 -0.002567 0.993011 5.317498
0.992959 0.004610 -0.118372 42.771086 -0.004297 0.999987 0.002904 -0.204905 0.118384 -0.002375 0.992965 5.401465
0.993285 0.005171 -0.115575 43.041064 -0.004786 0.999982 0.003605 -0.240256 0.115591 -0.003027 0.993292 5.432934
0.993335 0.001187 -0.115261 43.133802 -0.000916 0.999997 0.002402 -0.092283 0.115263 -0.002281 0.993332 5.791805
0.993471 0.001372 -0.114078 43.473428 -0.001246 0.999999 0.001172 -0.052015 0.114080 -0.001022 0.993471 5.837767
0.994572 0.000728 -0.104050 43.651396 -0.000437 0.999996 0.002816 -0.116078 0.104052 -0.002755 0.994568 5.482281
0.993488 0.000121 -0.113932 44.244266 0.000097 0.999998 0.001907 -0.061409 0.113932 -0.001906 0.993487 5.935230
0.993228 -0.000685 -0.116175 44.667324 0.000949 0.999997 0.002224 -0.055416 0.116174 -0.002319 0.993226 6.041898
0.993217 -0.001611 -0.116261 45.066290 0.002005 0.999993 0.003266 -0.075841 0.116255 -0.003477 0.993213 6.089372
0.993041 -0.002257 -0.117744 45.454370 0.002597 0.999993 0.002740 -0.031233 0.117737 -0.003026 0.993040 6.258790
0.993015 -0.001751 -0.117971 45.835923 0.002034 0.999995 0.002276 -0.028262 0.117967 -0.002500 0.993014 6.354897
0.993196 -0.004351 -0.116369 46.289667 0.004590 0.999988 0.001779 0.043951 0.116360 -0.002301 0.993204 6.187734
0.992924 -0.004353 -0.118675 46.639485 0.004729 0.999985 0.002886 0.002101 0.118660 -0.003427 0.992929 6.453789
0.993237 -0.004424 -0.116018 46.989499 0.004997 0.999977 0.004645 -0.068867 0.115995 -0.005193 0.993236 6.414855
0.993231 -0.003838 -0.116089 47.357542 0.004272 0.999985 0.003492 -0.046803 0.116074 -0.003965 0.993233 6.482626
0.992869 -0.004988 -0.119102 47.773612 0.005416 0.999980 0.003267 -0.007521 0.119083 -0.003888 0.992877 6.643657
0.992915 -0.006619 -0.118645 48.138089 0.007161 0.999966 0.004146 0.003854 0.118613 -0.004966 0.992928 6.700311
0.992340 -0.008917 -0.123214 48.541195 0.009675 0.999938 0.005555 0.017424 0.123157 -0.006704 0.992365 7.063873
0.992485 -0.008060 -0.122105 48.970020 0.008626 0.999954 0.004101 0.045447 0.122066 -0.005123 0.992509 6.971866
0.992715 -0.003136 -0.120448 49.318936 0.003286 0.999994 0.001047 0.049857 0.120444 -0.001435 0.992719 6.947687
0.992617 -0.000391 -0.121294 49.681371 0.000209 0.999999 -0.001519 0.069277 0.121294 0.001482 0.992616 7.097779
0.992733 -0.005314 -0.120222 50.064967 0.005662 0.999981 0.002552 0.045433 0.120206 -0.003215 0.992744 7.078208
0.992705 -0.004186 -0.120499 50.412119 0.004360 0.999990 0.001178 0.062452 0.120492 -0.001694 0.992713 7.176102
0.992812 -0.004470 -0.119600 50.820043 0.004720 0.999987 0.001806 0.047196 0.119590 -0.002357 0.992821 7.134574
0.992908 -0.006110 -0.118728 51.249373 0.006617 0.999971 0.003878 0.017280 0.118700 -0.004636 0.992919 7.096729
0.993105 -0.009830 -0.116813 51.687230 0.010904 0.999904 0.008562 -0.038485 0.116718 -0.009777 0.993117 6.995616
0.993050 -0.013571 -0.116909 52.142664 0.015141 0.999807 0.012549 -0.063495 0.116716 -0.014232 0.993063 6.970535
0.993125 -0.011179 -0.116525 52.454385 0.012466 0.999869 0.010318 -0.028388 0.116394 -0.011700 0.993134 7.122721
0.993097 -0.012098 -0.116667 52.893628 0.013618 0.999832 0.012238 -0.043719 0.116499 -0.013743 0.993096 7.127273
0.993210 -0.011360 -0.115782 53.285521 0.013011 0.999824 0.013508 -0.046564 0.115608 -0.014922 0.993183 7.173816
0.993185 -0.009933 -0.116123 53.685741 0.011697 0.999826 0.014527 -0.054667 0.115959 -0.015786 0.993129 7.212000
0.993200 -0.007904 -0.116155 54.086529 0.009707 0.999841 0.014959 -0.054426 0.116018 -0.015985 0.993118 7.263419
0.993061 -0.005925 -0.117448 54.490458 0.008023 0.999816 0.017398 -0.059545 0.117324 -0.018219 0.992927 7.314618
0.993081 -0.006105 -0.117274 54.897769 0.008195 0.999816 0.017349 -0.057371 0.117147 -0.018190 0.992948 7.356891
0.993074 -0.007070 -0.117276 55.303398 0.009049 0.999825 0.016355 -0.048875 0.117140 -0.017303 0.992965 7.396850
0.993062 -0.008201 -0.117302 55.717131 0.010260 0.999803 0.016964 -0.048316 0.117140 -0.018050 0.992951 7.434704
0.993292 -0.007603 -0.115384 56.102042 0.009562 0.999819 0.016435 -0.041320 0.115239 -0.017428 0.993185 7.479625
0.993139 -0.008219 -0.116654 56.520278 0.010122 0.999825 0.015727 -0.035839 0.116504 -0.016800 0.993048 7.524891
0.993091 -0.008149 -0.117060 56.925069 0.009954 0.999840 0.014840 -0.024091 0.116921 -0.015903 0.993014 7.576356
0.992989 -0.008885 -0.117874 57.338900 0.010555 0.999852 0.013552 -0.003185 0.117736 -0.014701 0.992936 7.616467
0.993089 -0.009260 -0.116996 57.741754 0.010919 0.999849 0.013547 -0.001643 0.116853 -0.014731 0.993040 7.653365
0.993198 -0.008522 -0.116128 58.140621 0.010270 0.999843 0.014466 -0.011382 0.115987 -0.015561 0.993129 7.693359
0.993151 -0.006937 -0.116630 58.542303 0.008468 0.999884 0.012633 0.009583 0.116528 -0.013534 0.993095 7.741319
0.993179 -0.005379 -0.116477 58.942087 0.006891 0.999897 0.012588 -0.006147 0.116397 -0.013304 0.993114 7.757425
0.993034 -0.003806 -0.117768 59.356110 0.005306 0.999909 0.012423 -0.003718 0.117710 -0.012962 0.992963 7.818413
0.993021 -0.005040 -0.117833 59.766778 0.006515 0.999905 0.012135 0.004779 0.117761 -0.012818 0.992959 7.864127
0.993694 -0.005275 -0.111998 60.150883 0.006924 0.999873 0.014334 -0.016331 0.111908 -0.015019 0.993605 7.846354
0.993214 -0.004625 -0.116206 60.584133 0.006363 0.999873 0.014592 -0.016895 0.116124 -0.015232 0.993118 7.902845
0.993069 -0.004722 -0.117435 60.996964 0.006387 0.999884 0.013808 -0.013075 0.117356 -0.014463 0.992985 7.968184
0.993002 -0.004661 -0.118009 61.416126 0.006389 0.999878 0.014268 -0.012509 0.117928 -0.014922 0.992910 8.013193
0.992868 -0.003954 -0.119150 61.840176 0.005646 0.999888 0.013867 -0.005414 0.119082 -0.014440 0.992779 8.060360
0.992767 -0.003562 -0.120004 62.256317 0.005325 0.999882 0.014376 -0.001992 0.119939 -0.014911 0.992669 8.115689
0.992745 -0.002647 -0.120212 62.667677 0.004448 0.999882 0.014715 0.001339 0.120159 -0.015143 0.992639 8.173967
0.992824 -0.002163 -0.119562 63.076737 0.004051 0.999871 0.015545 -0.002469 0.119513 -0.015918 0.992705 8.221540
0.992906 -0.001126 -0.118894 63.483448 0.002763 0.999904 0.013610 0.006232 0.118867 -0.013841 0.992814 8.269798
0.992628 -0.001233 -0.121191 63.914281 0.003109 0.999878 0.015292 -0.001348 0.121158 -0.015557 0.992511 8.322323
0.992278 -0.002196 -0.124012 64.339337 0.004138 0.999873 0.015404 0.004219 0.123963 -0.015798 0.992161 8.389666
0.992286 -0.002071 -0.123949 64.746545 0.004108 0.999861 0.016183 0.003935 0.123899 -0.016567 0.992157 8.447066
0.992396 -0.002105 -0.123071 65.146715 0.004400 0.999821 0.018382 -0.003218 0.123011 -0.018784 0.992228 8.509651
0.992016 -0.001775 -0.126103 65.584986 0.004194 0.999812 0.018917 -0.009083 0.126046 -0.019294 0.991837 8.558359
0.992347 -0.003777 -0.123424 65.975440 0.005772 0.999858 0.015807 0.016584 0.123347 -0.016398 0.992228 8.607373
0.991543 -0.006486 -0.129619 66.429518 0.008530 0.999848 0.015216 0.023528 0.129500 -0.016193 0.991447 8.668542
0.991665 -0.005214 -0.128737 66.826854 0.007204 0.999862 0.014997 0.028387 0.128641 -0.015799 0.991565 8.727388
0.991817 -0.003093 -0.127633 67.228605 0.005203 0.999855 0.016207 0.022291 0.127565 -0.016739 0.991689 8.776989
0.991432 -0.002673 -0.130595 67.647931 0.004824 0.999858 0.016153 0.024049 0.130533 -0.016644 0.991304 8.855362
0.991683 -0.000774 -0.128702 68.027150 0.002599 0.999898 0.014009 0.043063 0.128678 -0.014227 0.991584 8.917188
0.991559 -0.001792 -0.129641 68.445703 0.003833 0.999873 0.015492 0.030623 0.129597 -0.015858 0.991440 8.939991
0.991225 -0.000214 -0.132184 68.889679 0.002173 0.999890 0.014680 0.029382 0.132166 -0.014839 0.991116 9.018426
0.991044 -0.000026 -0.133539 69.303941 0.002144 0.999874 0.015714 0.029341 0.133522 -0.015859 0.990919 9.089773
0.990859 -0.000989 -0.134897 69.725638 0.003225 0.999861 0.016355 0.022634 0.134862 -0.016640 0.990725 9.140723
0.990806 -0.001031 -0.135286 70.123824 0.002998 0.999893 0.014332 0.043378 0.135257 -0.014606 0.990703 9.217521
0.990795 0.000196 -0.135370 70.515764 0.001569 0.999915 0.012930 0.057051 0.135361 -0.013023 0.990711 9.274843
0.990576 0.000594 -0.136963 70.916018 0.001020 0.999931 0.011713 0.073868 0.136960 -0.011742 0.990507 9.362413
0.990469 -0.001941 -0.137723 71.315277 0.003692 0.999916 0.012461 0.079590 0.137687 -0.012851 0.990392 9.434821
0.990755 -0.003023 -0.135628 71.705971 0.004821 0.999905 0.012933 0.082231 0.135576 -0.013467 0.990675 9.486137
0.990720 -0.002519 -0.135893 72.088982 0.004279 0.999911 0.012659 0.087224 0.135849 -0.013123 0.990643 9.555118
0.990604 -0.000720 -0.136760 72.468874 0.002390 0.999925 0.012048 0.096479 0.136741 -0.012261 0.990531 9.635937
0.990637 -0.000312 -0.136520 72.849021 0.001846 0.999937 0.011112 0.110342 0.136508 -0.011260 0.990575 9.703455
0.990835 0.000192 -0.135079 73.224293 0.001343 0.999936 0.011276 0.107712 0.135072 -0.011354 0.990771 9.752851
0.991326 0.000664 -0.131428 73.586799 0.000602 0.999954 0.009592 0.120945 0.131428 -0.009588 0.991279 9.799557
0.991681 0.002740 -0.128694 73.936247 -0.001239 0.999930 0.011745 0.120062 0.128717 -0.011488 0.991615 9.873885
0.991441 -0.000244 -0.130555 74.334243 0.001690 0.999938 0.010963 0.125718 0.130544 -0.011090 0.991380 9.916489
0.991365 -0.000249 -0.131131 74.723042 0.001648 0.999943 0.010564 0.124844 0.131121 -0.010689 0.991309 9.958570
0.991670 -0.000050 -0.128805 75.088620 0.001457 0.999940 0.010829 0.125467 0.128796 -0.010927 0.991611 10.004462
0.991738 0.000446 -0.128280 75.471499 0.001110 0.999927 0.012057 0.117967 0.128276 -0.012100 0.991665 10.047867
0.991607 -0.002131 -0.129275 75.863447 0.003633 0.999929 0.011383 0.124946 0.129241 -0.011757 0.991543 10.093025
0.992418 -0.003343 -0.122864 76.197433 0.004400 0.999956 0.008334 0.140921 0.122831 -0.008812 0.992389 10.144218
0.992933 -0.000061 -0.118673 76.542810 0.001159 0.999957 0.009183 0.133470 0.118667 -0.009256 0.992891 10.171346
0.992753 0.000176 -0.120170 76.939279 0.000921 0.999958 0.009078 0.142017 0.120167 -0.009123 0.992712 10.226331
0.992500 -0.002909 -0.122214 77.339277 0.004072 0.999949 0.009272 0.151008 0.122181 -0.009700 0.992460 10.297003
0.992683 -0.007006 -0.120543 77.724110 0.008502 0.999893 0.011901 0.146514 0.120447 -0.012839 0.992637 10.360507
0.992951 -0.003322 -0.118481 78.091262 0.004499 0.999943 0.009666 0.156791 0.118442 -0.010131 0.992909 10.391208
0.992378 -0.002877 -0.123196 78.498165 0.003889 0.999961 0.007972 0.171571 0.123168 -0.008390 0.992350 10.457335
0.992586 -0.004355 -0.121463 78.870482 0.005369 0.999953 0.008029 0.168612 0.121422 -0.008622 0.992564 10.504817
0.992948 -0.003321 -0.118504 79.241863 0.004310 0.999958 0.008097 0.162916 0.118472 -0.008550 0.992921 10.524076
0.992799 -0.004665 -0.119699 79.631733 0.005605 0.999956 0.007519 0.172802 0.119658 -0.008136 0.992782 10.576523
0.992684 -0.006500 -0.120566 80.017391 0.007395 0.999948 0.006979 0.187269 0.120515 -0.007820 0.992681 10.644519
0.993170 -0.004620 -0.116584 80.398286 0.005672 0.999946 0.008693 0.165798 0.116537 -0.009295 0.993143 10.651264
0.992815 -0.006316 -0.119494 80.782964 0.007446 0.999932 0.009009 0.176066 0.119429 -0.009834 0.992794 10.728366
0.992987 -0.006366 -0.118056 81.162876 0.007432 0.999935 0.008593 0.179263 0.117994 -0.009411 0.992970 10.758492
0.993269 -0.005387 -0.115707 81.524929 0.006315 0.999951 0.007661 0.188304 0.115660 -0.008341 0.993254 10.806532
0.993295 -0.006222 -0.115443 81.902952 0.007192 0.999942 0.007987 0.193656 0.115387 -0.008764 0.993282 10.858258
0.993111 -0.006101 -0.117020 82.309016 0.007093 0.999942 0.008063 0.191883 0.116964 -0.008837 0.993097 10.898322
0.992991 -0.006668 -0.118004 82.701149 0.007835 0.999925 0.009423 0.183786 0.117932 -0.010281 0.992968 10.931325
0.993400 -0.005851 -0.114554 83.069349 0.007061 0.999923 0.010166 0.178658 0.114486 -0.010908 0.993365 10.968163
0.993942 -0.004136 -0.109827 83.419516 0.005247 0.999938 0.009825 0.187817 0.109779 -0.010341 0.993902 11.014665
0.994177 0.000095 -0.107761 83.777261 0.001164 0.999932 0.011623 0.168088 0.107755 -0.011681 0.994109 11.051156
0.993990 -0.001546 -0.109459 84.192966 0.002838 0.999928 0.011651 0.162995 0.109433 -0.011892 0.993923 11.075765
0.994150 -0.000341 -0.108004 84.578728 0.001702 0.999920 0.012507 0.144778 0.107991 -0.012618 0.994072 11.093543
0.994027 0.002425 -0.109106 84.964349 -0.001142 0.999930 0.011815 0.135080 0.109126 -0.011620 0.993960 11.141857
0.994205 -0.000371 -0.107497 85.333249 0.001520 0.999943 0.010605 0.159300 0.107487 -0.010707 0.994149 11.185234
0.994225 0.000765 -0.107314 85.696522 0.000238 0.999956 0.009330 0.180378 0.107316 -0.009301 0.994181 11.281831
0.994021 -0.000129 -0.109185 86.123777 0.001070 0.999963 0.008562 0.187205 0.109179 -0.008628 0.993985 11.312971
0.994201 -0.001145 -0.107527 86.476081 0.002063 0.999962 0.008434 0.195067 0.107514 -0.008607 0.994166 11.327804
0.994355 -0.000841 -0.106101 86.846540 0.001793 0.999959 0.008882 0.183590 0.106089 -0.009022 0.994316 11.364493
0.994554 -0.000370 -0.104226 87.225130 0.001334 0.999957 0.009182 0.174851 0.104218 -0.009271 0.994511 11.385186
0.994631 -0.000214 -0.103485 87.608395 0.001245 0.999950 0.009901 0.166220 0.103478 -0.009976 0.994582 11.410515
0.994742 0.000137 -0.102410 87.983320 0.000862 0.999953 0.009707 0.160844 0.102407 -0.009744 0.994695 11.436377
0.994737 0.000838 -0.102453 88.366969 0.000074 0.999960 0.008894 0.165345 0.102456 -0.008854 0.994698 11.467944
0.994869 0.001342 -0.101159 88.755119 -0.000282 0.999945 0.010488 0.151103 0.101168 -0.010406 0.994815 11.496053
0.994832 0.001620 -0.101520 89.138562 -0.000505 0.999939 0.011007 0.149608 0.101532 -0.010898 0.994773 11.540871
0.994873 0.000546 -0.101134 89.542662 0.000766 0.999916 0.012938 0.131848 0.101133 -0.012949 0.994789 11.558941
0.994781 0.000261 -0.102033 89.935907 0.001145 0.999905 0.013721 0.127013 0.102027 -0.013766 0.994686 11.602403
0.994993 0.001485 -0.099929 90.324531 -0.000081 0.999901 0.014044 0.124140 0.099940 -0.013966 0.994895 11.622011
0.995087 0.002835 -0.098961 90.719026 -0.001360 0.999887 0.014971 0.113628 0.098992 -0.014763 0.994979 11.638940
0.994908 0.002665 -0.100753 91.137215 -0.001167 0.999888 0.014932 0.105188 0.100782 -0.014739 0.994799 11.669771
0.995187 0.004010 -0.097917 91.517014 -0.002677 0.999902 0.013741 0.114547 0.097963 -0.013413 0.995100 11.718619
0.995302 0.003800 -0.096745 91.910747 -0.002532 0.999909 0.013231 0.120022 0.096787 -0.012924 0.995221 11.757570
0.994828 0.001919 -0.101560 92.370115 -0.000262 0.999867 0.016329 0.090452 0.101578 -0.016218 0.994695 11.768700
0.994779 0.002369 -0.102023 92.778748 -0.000680 0.999862 0.016590 0.085677 0.102049 -0.016434 0.994644 11.800645
0.995302 0.001791 -0.096803 93.145785 -0.000308 0.999882 0.015334 0.104088 0.096819 -0.015233 0.995185 11.843205
0.995408 0.005986 -0.095538 93.540976 -0.004785 0.999907 0.012796 0.132294 0.095605 -0.012280 0.995344 11.856183
0.995581 0.006856 -0.093659 93.942743 -0.005647 0.999897 0.013170 0.114291 0.093740 -0.012583 0.995517 11.857709
0.996329 0.010202 -0.084996 94.279158 -0.009074 0.999866 0.013637 0.101670 0.085123 -0.012816 0.996288 11.880870
0.996231 0.011026 -0.086038 94.702110 -0.009909 0.999861 0.013405 0.094311 0.086174 -0.012502 0.996202 11.899426
0.995476 0.009463 -0.094541 95.179225 -0.008094 0.999857 0.014853 0.083695 0.094668 -0.014020 0.995410 11.979256
0.995780 0.009398 -0.091286 95.569236 -0.007904 0.999829 0.016711 0.064598 0.091428 -0.015919 0.995684 12.003881
0.995559 0.009880 -0.093622 96.007627 -0.008192 0.999797 0.018401 0.037738 0.093785 -0.017552 0.995438 12.012663
0.995443 0.009408 -0.094894 96.436998 -0.007703 0.999802 0.018324 0.034907 0.095048 -0.017509 0.995319 12.049445
0.995206 0.008865 -0.097394 96.869363 -0.007111 0.999807 0.018339 0.038484 0.097538 -0.017559 0.995077 12.110038
0.995289 0.009136 -0.096519 97.294548 -0.007285 0.999783 0.019514 0.019343 0.096676 -0.018719 0.995140 12.125877
0.995073 0.009360 -0.098704 97.734325 -0.007410 0.999771 0.020099 0.000527 0.098870 -0.019269 0.994914 12.141587
0.995000 0.009673 -0.099401 98.165435 -0.007773 0.999780 0.019482 0.005301 0.099567 -0.018612 0.994857 12.193591
0.994883 0.010131 -0.100525 98.603505 -0.008097 0.999755 0.020621 -0.011127 0.100709 -0.019702 0.994721 12.225170
0.994657 0.010494 -0.102701 99.056300 -0.008394 0.999747 0.020863 -0.023782 0.102894 -0.019889 0.994493 12.254304
0.994446 0.010775 -0.104699 99.491648 -0.008682 0.999754 0.020426 -0.024126 0.104893 -0.019404 0.994294 12.305030
0.994225 0.011121 -0.106740 99.937058 -0.008879 0.999730 0.021454 -0.037004 0.106950 -0.020383 0.994055 12.343274
0.994250 0.011562 -0.106459 100.361100 -0.009332 0.999727 0.021422 -0.038625 0.106678 -0.020305 0.994086 12.396263
0.994303 0.012783 -0.105824 100.780891 -0.010529 0.999706 0.021831 -0.047323 0.106072 -0.020592 0.994145 12.445206
0.994363 0.012999 -0.105233 101.198171 -0.010673 0.999687 0.022636 -0.053409 0.105495 -0.021385 0.994190 12.500020
0.994263 0.013561 -0.106097 101.638952 -0.011205 0.999678 0.022770 -0.064280 0.106371 -0.021451 0.994095 12.532522
0.995228 0.014992 -0.096418 101.962373 -0.012868 0.999661 0.022615 -0.058300 0.096725 -0.021267 0.995084 12.584034
0.995055 0.014059 -0.098328 102.388757 -0.012065 0.999710 0.020850 -0.037608 0.098592 -0.019561 0.994936 12.653429
0.994468 0.012347 -0.104307 102.875893 -0.010308 0.999745 0.020068 -0.040962 0.104528 -0.018882 0.994343 12.692853
0.994516 0.011280 -0.103974 103.298630 -0.009202 0.999749 0.020448 -0.037985 0.104179 -0.019379 0.994370 12.740907
0.994961 0.012408 -0.099493 103.675567 -0.010477 0.999747 0.019908 -0.038474 0.099715 -0.018765 0.994839 12.778876
0.995289 0.016251 -0.095582 104.049227 -0.014367 0.999689 0.020363 -0.058947 0.095883 -0.018894 0.995213 12.807993
0.995150 0.012844 -0.097530 104.507787 -0.011082 0.999766 0.018587 -0.044750 0.097746 -0.017416 0.995059 12.849970
0.995259 0.013661 -0.096298 104.925340 -0.011855 0.999744 0.019295 -0.061781 0.096537 -0.018061 0.995166 12.878204
0.995078 0.011634 -0.098407 105.354210 -0.009552 0.999721 0.021610 -0.087069 0.098631 -0.020564 0.994912 12.932472
0.995601 0.013426 -0.092724 105.720412 -0.011350 0.999674 0.022889 -0.116946 0.093001 -0.021736 0.995429 12.896820
0.995777 0.014409 -0.090662 106.125670 -0.012433 0.999674 0.022321 -0.125024 0.090954 -0.021100 0.995632 12.915475
0.995817 0.014213 -0.090260 106.569058 -0.012088 0.999638 0.024047 -0.146278 0.090569 -0.022855 0.995628 12.940420
0.995740 0.013859 -0.091161 107.003195 -0.011723 0.999645 0.023920 -0.153141 0.091460 -0.022749 0.995549 12.972497
0.995587 0.014258 -0.092756 107.444560 -0.012062 0.999634 0.024195 -0.161473 0.093067 -0.022970 0.995395 13.012533
0.995445 0.010839 -0.094719 107.885379 -0.008539 0.999660 0.024656 -0.162462 0.094954 -0.023735 0.995199 13.058635
0.995525 0.012620 -0.093655 108.310979 -0.010265 0.999620 0.025591 -0.179627 0.093942 -0.024515 0.995276 13.092016
0.995371 0.011342 -0.095435 108.753178 -0.008834 0.999605 0.026661 -0.181253 0.095699 -0.025695 0.995079 13.155719
0.995278 0.010974 -0.096441 109.200247 -0.008417 0.999603 0.026889 -0.192436 0.096698 -0.025950 0.994975 13.187554
0.995124 0.011411 -0.097973 109.638293 -0.008769 0.999587 0.027354 -0.200386 0.098244 -0.026362 0.994813 13.225351
0.995121 0.011831 -0.097954 110.084038 -0.008973 0.999522 0.029572 -0.223636 0.098257 -0.028549 0.994751 13.242721
0.995536 0.011837 -0.093637 110.510792 -0.008964 0.999478 0.031046 -0.241194 0.093956 -0.030068 0.995122 13.251275
0.996055 0.012859 -0.087803 110.902279 -0.010382 0.999537 0.028609 -0.226530 0.088130 -0.027585 0.995727 13.288255
0.995622 0.012623 -0.092619 111.385969 -0.009963 0.999526 0.029132 -0.236698 0.092943 -0.028081 0.995275 13.329707
0.995721 0.013303 -0.091452 111.830459 -0.010670 0.999516 0.029224 -0.248137 0.091797 -0.028124 0.995381 13.347134
0.995447 0.013736 -0.094325 112.330130 -0.010932 0.999485 0.030177 -0.264363 0.094691 -0.029008 0.995084 13.359639
0.995177 0.014170 -0.097069 112.830289 -0.011200 0.999454 0.031074 -0.290713 0.097457 -0.029837 0.994792 13.369527
0.995354 0.014483 -0.095189 113.269030 -0.011472 0.999419 0.032103 -0.304691 0.095598 -0.030862 0.994941 13.404083
0.995323 0.015009 -0.095430 113.749150 -0.012025 0.999423 0.031775 -0.316433 0.095852 -0.030479 0.994929 13.409546
0.995069 0.016745 -0.097757 114.213859 -0.013696 0.999401 0.031777 -0.328304 0.098230 -0.030282 0.994703 13.470763
0.994909 0.017982 -0.099158 114.706957 -0.014766 0.999344 0.033078 -0.362032 0.099687 -0.031445 0.994522 13.495364
0.994561 0.017504 -0.102679 115.207641 -0.014190 0.999357 0.032913 -0.368026 0.103189 -0.031277 0.994170 13.550539
0.994326 0.017138 -0.104985 115.703345 -0.013579 0.999312 0.034519 -0.384245 0.105504 -0.032897 0.993875 13.589545
0.993914 0.015529 -0.109058 116.200076 -0.011877 0.999349 0.034054 -0.377570 0.109516 -0.032551 0.993452 13.677172
0.993680 0.015230 -0.111208 116.691031 -0.011652 0.999395 0.032759 -0.370567 0.111640 -0.031256 0.993257 13.723159
0.993644 0.016515 -0.111354 117.168246 -0.012930 0.999377 0.032840 -0.398552 0.111827 -0.031191 0.993238 13.715265
0.993443 0.016323 -0.113158 117.653988 -0.012709 0.999388 0.032589 -0.404444 0.113621 -0.030937 0.993042 13.780226
0.993789 0.017086 -0.109964 118.125055 -0.013593 0.999381 0.032433 -0.427526 0.110450 -0.030737 0.993406 13.770240
0.993194 0.014280 -0.115594 118.637399 -0.010582 0.999414 0.032538 -0.419041 0.115991 -0.031093 0.992763 13.867361
0.992581 0.012705 -0.120918 119.128186 -0.008883 0.999445 0.032098 -0.401369 0.121258 -0.030786 0.992143 14.001075
0.992529 0.013063 -0.121308 119.617459 -0.008977 0.999376 0.034171 -0.424278 0.121679 -0.032827 0.992027 14.020844
0.992209 0.015137 -0.123662 120.098021 -0.011129 0.999392 0.033035 -0.420508 0.124087 -0.031401 0.991774 14.091512
0.992058 0.016426 -0.124707 120.564957 -0.012411 0.999381 0.032906 -0.419289 0.125170 -0.031097 0.991648 14.176904
0.991894 0.015156 -0.126158 121.034018 -0.011265 0.999440 0.031500 -0.409314 0.126565 -0.029823 0.991510 14.260631
0.991662 0.015149 -0.127969 121.524589 -0.011135 0.999425 0.032018 -0.418768 0.128381 -0.030326 0.991261 14.328257
0.991650 0.015309 -0.128049 121.978432 -0.011249 0.999413 0.032371 -0.424621 0.128470 -0.030660 0.991239 14.398944
0.991543 0.014082 -0.129013 122.435554 -0.010139 0.999463 0.031166 -0.409783 0.129383 -0.029594 0.991153 14.487022
0.991423 0.013534 -0.129991 122.904987 -0.009515 0.999459 0.031484 -0.417744 0.130347 -0.029977 0.991015 14.553381
0.991272 0.014603 -0.131019 123.357968 -0.010377 0.999405 0.032880 -0.421125 0.131421 -0.031233 0.990835 14.633694
0.991138 0.013260 -0.132174 123.821872 -0.009152 0.999457 0.031639 -0.414781 0.132522 -0.030149 0.990721 14.711874
0.991176 0.011952 -0.132012 124.260609 -0.007954 0.999495 0.030767 -0.405395 0.132313 -0.029445 0.990770 14.774659
0.991033 0.011900 -0.133085 124.727082 -0.007866 0.999495 0.030794 -0.403694 0.133384 -0.029471 0.990626 14.855437
0.990627 0.010342 -0.136200 125.209600 -0.006418 0.999552 0.029217 -0.380849 0.136441 -0.028069 0.990250 14.935698
0.990800 0.010773 -0.134904 125.631547 -0.007014 0.999575 0.028310 -0.372106 0.135152 -0.027103 0.990454 15.010348
0.990076 0.013449 -0.139884 126.127210 -0.010136 0.999652 0.024372 -0.314768 0.140164 -0.022712 0.989868 15.233022
0.990118 0.013677 -0.139568 126.563090 -0.010466 0.999664 0.023717 -0.299361 0.139845 -0.022022 0.989928 15.329839
0.989908 0.012904 -0.141120 127.003041 -0.009823 0.999698 0.022507 -0.285420 0.141368 -0.020893 0.989737 15.418598
0.989921 0.011293 -0.141171 127.425521 -0.008349 0.999736 0.021424 -0.273785 0.141376 -0.020030 0.989753 15.536607
0.990281 0.011958 -0.138567 127.822401 -0.008838 0.999694 0.023107 -0.308500 0.138801 -0.021658 0.990084 15.531913
0.990082 0.012705 -0.139917 128.254623 -0.009768 0.999718 0.021653 -0.287522 0.140153 -0.020072 0.989926 15.650327
0.990323 0.011809 -0.138279 128.636034 -0.009339 0.999785 0.018500 -0.249292 0.138468 -0.017030 0.990220 15.752939
0.989895 0.012205 -0.141279 129.083902 -0.009500 0.999759 0.019802 -0.271338 0.141487 -0.018260 0.989772 15.886410
0.990170 0.011739 -0.139373 129.478031 -0.009186 0.999778 0.018944 -0.255507 0.139564 -0.017477 0.990059 15.938891
0.990497 0.012416 -0.136973 129.872231 -0.009786 0.999755 0.019857 -0.279105 0.137186 -0.018328 0.990376 15.960619
0.990323 0.011503 -0.138306 130.278798 -0.009109 0.999798 0.017926 -0.249869 0.138485 -0.016493 0.990227 16.060896
0.990434 0.013135 -0.137358 130.677153 -0.010884 0.999794 0.017123 -0.243155 0.137555 -0.015464 0.990373 16.142743
0.990601 0.013197 -0.136148 131.091322 -0.010759 0.999769 0.018628 -0.271148 0.136362 -0.016988 0.990513 16.164807
0.990580 0.012817 -0.136333 131.510293 -0.010729 0.999814 0.016041 -0.240915 0.136513 -0.014427 0.990533 16.259997
0.990914 0.013865 -0.133778 131.893755 -0.011472 0.999761 0.018635 -0.271557 0.134004 -0.016931 0.990836 16.329386
0.991039 0.013292 -0.132911 132.296696 -0.010930 0.999769 0.018490 -0.270871 0.133126 -0.016871 0.990955 16.380434
0.991181 0.013907 -0.131782 132.696229 -0.011775 0.999787 0.016947 -0.262009 0.131990 -0.015246 0.991134 16.433790
0.991219 0.016271 -0.131227 133.098999 -0.014009 0.999737 0.018146 -0.277767 0.131487 -0.016148 0.991186 16.495507
0.991634 0.017239 -0.127925 133.466214 -0.015386 0.999762 0.015458 -0.259955 0.128161 -0.013361 0.991663 16.547464
0.991284 0.017014 -0.130642 133.906954 -0.015026 0.999756 0.016187 -0.280346 0.130885 -0.014083 0.991297 16.590852
0.991594 0.017690 -0.128175 134.277977 -0.015810 0.999752 0.015671 -0.274433 0.128421 -0.013513 0.991628 16.654563
0.991843 0.018414 -0.126132 134.667181 -0.016257 0.999704 0.018115 -0.305274 0.126428 -0.015917 0.991848 16.681621
0.991741 0.016634 -0.127170 135.109942 -0.014378 0.999723 0.018641 -0.326858 0.127445 -0.016658 0.991706 16.698446
0.992630 0.017385 -0.119933 135.443453 -0.015521 0.999744 0.016462 -0.311441 0.120188 -0.014479 0.992646 16.724460
0.992273 0.017025 -0.122902 135.886659 -0.014960 0.999731 0.017710 -0.327720 0.123171 -0.015734 0.992261 16.795138
0.992849 0.018451 -0.117943 136.265435 -0.016351 0.999691 0.018740 -0.351359 0.118252 -0.016678 0.992844 16.810533
0.992699 0.017331 -0.119364 136.705386 -0.015056 0.999688 0.019933 -0.363500 0.119672 -0.017990 0.992650 16.856997
0.993085 0.019434 -0.115780 137.084492 -0.017098 0.999630 0.021134 -0.390351 0.116147 -0.019009 0.993050 16.881955
0.992672 0.018857 -0.119359 137.558937 -0.016407 0.999635 0.021470 -0.405856 0.119720 -0.019354 0.992619 16.921624
0.992550 0.018419 -0.120435 137.996767 -0.015839 0.999625 0.022346 -0.422850 0.120801 -0.020272 0.992470 16.973665
0.992658 0.018480 -0.119539 138.427941 -0.015821 0.999607 0.023159 -0.443746 0.119920 -0.021098 0.992559 16.992773
0.992783 0.019190 -0.118383 138.873879 -0.016228 0.999532 0.025928 -0.500795 0.118825 -0.023820 0.992629 16.941497
0.992571 0.018809 -0.120201 139.370635 -0.015680 0.999514 0.026925 -0.519856 0.120649 -0.024841 0.992384 16.938952
0.992718 0.019035 -0.118945 139.801407 -0.015869 0.999496 0.027508 -0.545993 0.119409 -0.025420 0.992520 16.971773
0.992725 0.018535 -0.118965 140.266067 -0.015211 0.999470 0.028790 -0.580523 0.119435 -0.026771 0.992481 16.987888
0.992490 0.018374 -0.120940 140.751994 -0.014856 0.999442 0.029924 -0.611116 0.121423 -0.027903 0.992209 17.019312
0.992130 0.018730 -0.123802 141.258766 -0.014867 0.999376 0.032054 -0.649996 0.124325 -0.029961 0.991789 17.034168
0.992087 0.019482 -0.124030 141.729470 -0.015646 0.999371 0.031827 -0.663043 0.124572 -0.029634 0.991768 17.077165
0.991542 0.020850 -0.128103 142.261544 -0.016366 0.999219 0.035961 -0.727250 0.128753 -0.033560 0.991109 17.105899
0.991253 0.019946 -0.130459 142.719030 -0.015651 0.999304 0.033866 -0.706737 0.131044 -0.031528 0.990875 17.203552
0.991697 0.021015 -0.126871 143.135602 -0.017181 0.999364 0.031235 -0.678913 0.127447 -0.028796 0.991427 17.245499
0.991027 0.021168 -0.131975 143.674697 -0.016909 0.999302 0.033310 -0.719153 0.132588 -0.030780 0.990693 17.307679
0.991194 0.019818 -0.130923 144.164174 -0.015405 0.999282 0.034628 -0.737888 0.131516 -0.032306 0.990788 17.369320
0.990712 0.020831 -0.134371 144.692132 -0.016113 0.999218 0.036106 -0.770043 0.135018 -0.033606 0.990273 17.409479
0.990652 0.021144 -0.134763 145.155396 -0.016497 0.999233 0.035506 -0.768284 0.135411 -0.032951 0.990241 17.478223
0.990666 0.022359 -0.134469 145.628793 -0.017982 0.999271 0.033676 -0.764884 0.135123 -0.030943 0.990345 17.534775
0.991177 0.023484 -0.130449 146.071402 -0.019191 0.999235 0.034066 -0.779543 0.131149 -0.031262 0.990870 17.581661
0.990597 0.021934 -0.135042 146.597835 -0.017542 0.999281 0.033625 -0.783189 0.135682 -0.030940 0.990269 17.651232
0.990442 0.021726 -0.136207 147.097501 -0.017202 0.999263 0.034305 -0.799814 0.136852 -0.031634 0.990086 17.699719
0.989729 0.020865 -0.141426 147.631621 -0.016290 0.999308 0.033426 -0.803113 0.142025 -0.030779 0.989384 17.769120
0.989047 0.019156 -0.146353 148.158661 -0.014514 0.999359 0.032717 -0.801442 0.146886 -0.030234 0.988691 17.846317
0.989519 0.021263 -0.142826 148.615267 -0.016622 0.999297 0.033610 -0.828659 0.143440 -0.030884 0.989177 17.890848
0.989140 0.021851 -0.145341 149.122300 -0.017143 0.999290 0.033564 -0.833852 0.145971 -0.030708 0.988812 17.970867
0.988171 0.019566 -0.152103 149.657147 -0.014584 0.999322 0.033802 -0.828989 0.152661 -0.031184 0.987787 18.100393
0.987972 0.019695 -0.153374 150.150583 -0.014825 0.999351 0.032827 -0.830469 0.153921 -0.030158 0.987623 18.173344
0.987047 0.017126 -0.159515 150.672963 -0.011620 0.999306 0.035391 -0.841203 0.160011 -0.033079 0.986561 18.304834
0.987013 0.018661 -0.159554 151.152024 -0.012961 0.999243 0.036688 -0.859234 0.160118 -0.034143 0.986507 18.374829
0.986341 0.017538 -0.163777 151.648375 -0.011544 0.999231 0.037479 -0.856248 0.164309 -0.035077 0.985785 18.498061
0.986575 0.019246 -0.162172 152.122141 -0.013278 0.999197 0.037808 -0.877542 0.162770 -0.035147 0.986038 18.549758
0.985635 0.017608 -0.167971 152.612959 -0.011632 0.999266 0.036493 -0.850697 0.168491 -0.034015 0.985116 18.703851
0.985414 0.016419 -0.169380 153.090753 -0.010581 0.999320 0.035314 -0.839104 0.169845 -0.033007 0.984918 18.805137
0.985291 0.017527 -0.169982 153.529022 -0.011902 0.999349 0.034055 -0.824091 0.170468 -0.031531 0.984859 18.933079
0.984880 0.017535 -0.172348 154.005459 -0.011898 0.999362 0.033688 -0.822904 0.172828 -0.031128 0.984460 19.034794
0.984911 0.017893 -0.172136 154.439629 -0.012303 0.999363 0.033491 -0.819091 0.172626 -0.030868 0.984504 19.153894
0.984859 0.017133 -0.172511 154.846369 -0.011880 0.999435 0.031434 -0.790464 0.172952 -0.028909 0.984506 19.301487
0.984683 0.017348 -0.173491 155.289435 -0.012173 0.999450 0.030847 -0.780611 0.173931 -0.028263 0.984352 19.405242
0.984453 0.016381 -0.174881 155.738460 -0.010835 0.999409 0.032618 -0.784725 0.175312 -0.030216 0.984049 19.502104
0.984574 0.016800 -0.174163 156.144524 -0.011529 0.999446 0.031230 -0.768498 0.174591 -0.028740 0.984222 19.618321
0.984339 0.016194 -0.175540 156.566540 -0.011044 0.999481 0.030273 -0.750075 0.175939 -0.027860 0.984007 19.733014
0.984348 0.019066 -0.175204 157.004755 -0.013949 0.999441 0.030391 -0.775114 0.175685 -0.027471 0.984063 19.811385
0.985062 0.020684 -0.170951 157.383316 -0.016471 0.999526 0.026026 -0.737998 0.171408 -0.022822 0.984936 19.894974
0.984627 0.020966 -0.173409 157.866106 -0.016758 0.999529 0.025695 -0.761165 0.173867 -0.022394 0.984515 19.968391
0.984988 0.022348 -0.171169 158.293689 -0.017959 0.999470 0.027146 -0.786537 0.171685 -0.023664 0.984868 20.014334
0.984945 0.023643 -0.171245 158.772982 -0.019372 0.999459 0.026571 -0.811890 0.171781 -0.022854 0.984870 20.060215
0.984450 0.023276 -0.174116 159.359364 -0.017946 0.999323 0.032125 -0.907931 0.174746 -0.028501 0.984201 20.088942
0.983628 0.018490 -0.179261 159.866777 -0.012981 0.999408 0.031860 -0.855832 0.179744 -0.029011 0.983285 20.231411
0.983278 0.019924 -0.181016 160.378331 -0.014236 0.999365 0.032670 -0.891145 0.181552 -0.029547 0.982937 20.291689
0.982553 0.019238 -0.184985 160.882604 -0.013623 0.999409 0.031576 -0.877619 0.185483 -0.028505 0.982234 20.418584
0.981717 0.018672 -0.189429 161.400810 -0.012770 0.999396 0.032331 -0.886778 0.189918 -0.029321 0.981362 20.531898
0.981818 0.020066 -0.188759 161.876780 -0.013835 0.999317 0.034273 -0.920558 0.189318 -0.031038 0.981425 20.602114
0.981212 0.020450 -0.191846 162.381725 -0.014700 0.999400 0.031349 -0.898693 0.192372 -0.027940 0.980924 20.715838
0.980970 0.020242 -0.193103 162.866502 -0.014399 0.999396 0.031614 -0.904765 0.193627 -0.028232 0.980669 20.827193
0.981073 0.019086 -0.192693 163.344947 -0.013045 0.999384 0.032570 -0.912027 0.193196 -0.029440 0.980718 20.937669
0.981394 0.019413 -0.191021 163.813251 -0.013567 0.999400 0.031866 -0.915243 0.191525 -0.028681 0.981069 21.031499
0.981691 0.019233 -0.189508 164.276032 -0.013379 0.999394 0.032121 -0.917130 0.190011 -0.028998 0.981354 21.134199
0.980645 0.016813 -0.195072 164.794275 -0.010593 0.999403 0.032889 -0.927163 0.195509 -0.030186 0.980237 21.237783
0.979793 0.015113 -0.199445 165.296945 -0.009014 0.999465 0.031452 -0.914763 0.199813 -0.029018 0.979404 21.356629
0.980097 0.015068 -0.197948 165.753468 -0.009184 0.999489 0.030612 -0.901475 0.198308 -0.028185 0.979734 21.454808
0.979662 0.017680 -0.199874 166.227914 -0.011054 0.999353 0.034215 -0.937687 0.200350 -0.031310 0.979224 21.565252
0.979734 0.017666 -0.199521 166.694609 -0.011002 0.999346 0.034460 -0.939984 0.199999 -0.031567 0.979287 21.677775
0.980647 0.018617 -0.194900 167.110477 -0.012448 0.999383 0.032832 -0.924352 0.195391 -0.029770 0.980274 21.785125
0.980100 0.017840 -0.197702 167.602013 -0.011787 0.999426 0.031754 -0.926672 0.198155 -0.028792 0.979748 21.882279
0.981383 0.018592 -0.191160 168.007203 -0.012632 0.999397 0.032352 -0.927753 0.191646 -0.029335 0.981026 21.975161
0.983063 0.019910 -0.182182 168.381261 -0.014171 0.999363 0.032747 -0.936973 0.182718 -0.029610 0.982719 22.055122
0.982483 0.018378 -0.185446 168.877232 -0.012884 0.999443 0.030791 -0.926598 0.185909 -0.027862 0.982172 22.147280
0.981424 0.017766 -0.191030 169.391379 -0.012520 0.999512 0.028629 -0.924456 0.191445 -0.025705 0.981167 22.242928
0.979592 0.013629 -0.200536 169.917404 -0.008492 0.999614 0.026455 -0.898600 0.200819 -0.024212 0.979329 22.384634
0.979771 0.015263 -0.199540 170.353028 -0.009805 0.999551 0.028312 -0.918869 0.199882 -0.025783 0.979481 22.471971
0.979220 0.013937 -0.202320 170.841470 -0.008572 0.999589 0.027370 -0.912738 0.202619 -0.025067 0.978937 22.572894
0.980948 0.014974 -0.193692 171.232126 -0.009885 0.999581 0.027214 -0.924687 0.194019 -0.024781 0.980685 22.621083
0.980181 0.013211 -0.197664 171.705736 -0.007822 0.999577 0.028022 -0.925597 0.197950 -0.025921 0.979869 22.746048
0.980224 0.013129 -0.197454 172.151696 -0.007816 0.999587 0.027661 -0.928434 0.197735 -0.025571 0.979922 22.837023
0.980330 0.013147 -0.196929 172.605662 -0.007775 0.999577 0.028025 -0.935783 0.197214 -0.025943 0.980017 22.922302
0.980505 0.013226 -0.196048 173.049730 -0.007835 0.999570 0.028245 -0.943724 0.196337 -0.026159 0.980187 23.002336
0.980679 0.012152 -0.195247 173.500842 -0.006672 0.999566 0.028698 -0.953192 0.195511 -0.026840 0.980334 23.086944
0.980192 0.010045 -0.197793 173.974340 -0.004249 0.999550 0.029705 -0.956821 0.198003 -0.028277 0.979794 23.194210
0.980043 0.010107 -0.198526 174.433848 -0.004144 0.999528 0.030430 -0.968664 0.198740 -0.029000 0.979623 23.280834
0.979918 0.011621 -0.199062 174.873995 -0.005925 0.999556 0.029189 -0.956450 0.199313 -0.027423 0.979552 23.399601
0.979814 0.010401 -0.199641 175.327738 -0.005001 0.999608 0.027534 -0.938663 0.199849 -0.025979 0.979482 23.505683
0.979959 0.009677 -0.198966 175.787172 -0.004256 0.999608 0.027655 -0.945890 0.199156 -0.026254 0.979616 23.582821
0.979900 0.007651 -0.199345 176.236188 -0.002220 0.999621 0.027456 -0.936259 0.199479 -0.026462 0.979545 23.685959
0.980210 0.008012 -0.197799 176.673559 -0.002635 0.999620 0.027432 -0.936257 0.197943 -0.026368 0.979859 23.774654
0.979598 0.007908 -0.200812 177.152819 -0.001711 0.999518 0.031012 -0.962746 0.200960 -0.030036 0.979139 23.875615
0.980277 0.008450 -0.197448 177.575677 -0.002525 0.999539 0.030242 -0.959949 0.197612 -0.029147 0.979847 23.955431
0.978991 0.007085 -0.203782 178.084389 -0.001325 0.999596 0.028389 -0.950691 0.203901 -0.027522 0.978605 24.062552
0.979084 0.007512 -0.203318 178.528623 -0.001656 0.999579 0.028959 -0.950587 0.203450 -0.028017 0.978684 24.163842
0.980733 0.009187 -0.195138 178.904238 -0.003729 0.999592 0.028323 -0.948375 0.195318 -0.027050 0.980367 24.228138
0.981009 0.010923 -0.193653 179.363242 -0.004778 0.999471 0.032168 -0.991936 0.193902 -0.030632 0.980542 24.292537
0.980705 0.011361 -0.195165 179.803552 -0.005050 0.999449 0.032805 -0.995373 0.195430 -0.031187 0.980222 24.398532
0.981017 0.013079 -0.193480 180.237401 -0.007171 0.999487 0.031207 -0.992577 0.193789 -0.029227 0.980608 24.482709
0.981634 0.015133 -0.190171 180.670099 -0.009673 0.999515 0.029607 -0.999969 0.190527 -0.027224 0.981304 24.536306
0.981444 0.013462 -0.191276 181.134297 -0.008009 0.999540 0.029250 -0.994334 0.191582 -0.027175 0.981100 24.649753
0.981450 0.012895 -0.191285 181.616987 -0.007100 0.999496 0.030949 -1.029442 0.191587 -0.029016 0.981047 24.693031
0.981608 0.013016 -0.190464 182.067771 -0.007311 0.999504 0.030627 -1.027198 0.190768 -0.028671 0.981216 24.781769
0.981319 0.012489 -0.191983 182.543109 -0.007011 0.999549 0.029185 -1.031128 0.192261 -0.027293 0.980964 24.856349
0.981581 0.011978 -0.190668 183.002899 -0.006335 0.999524 0.030180 -1.047361 0.190939 -0.028416 0.981191 24.931214
0.981354 0.012371 -0.191809 183.474537 -0.006547 0.999499 0.030965 -1.052751 0.192096 -0.029131 0.980944 25.024592
0.981392 0.012592 -0.191601 183.946843 -0.006729 0.999490 0.031222 -1.072500 0.191896 -0.029352 0.980976 25.087881
0.981317 0.011400 -0.192060 184.405297 -0.005567 0.999507 0.030884 -1.065627 0.192317 -0.029238 0.980897 25.193811
0.981114 0.011280 -0.193102 184.886340 -0.005297 0.999491 0.031471 -1.070713 0.193358 -0.029853 0.980674 25.291382
0.981402 0.012252 -0.191572 185.329551 -0.006616 0.999527 0.030034 -1.064272 0.191849 -0.028208 0.981019 25.381720
0.980979 0.012265 -0.193729 185.838245 -0.006121 0.999460 0.032279 -1.097030 0.194020 -0.030479 0.980524 25.455894
0.980885 0.011921 -0.194225 186.327545 -0.005553 0.999430 0.033296 -1.108308 0.194511 -0.031581 0.980392 25.544382
0.980794 0.012125 -0.194667 186.788153 -0.005922 0.999457 0.032418 -1.095895 0.194954 -0.030643 0.980334 25.659111
0.980881 0.013235 -0.194159 187.262753 -0.007218 0.999472 0.031666 -1.101048 0.194476 -0.029659 0.980459 25.728176
0.980938 0.013872 -0.193824 187.699381 -0.008204 0.999516 0.030012 -1.074991 0.194147 -0.027849 0.980577 25.858623
0.981616 0.017441 -0.190068 188.069913 -0.012638 0.999570 0.026449 -1.034987 0.190448 -0.023560 0.981415 25.997326
0.982210 0.016647 -0.187045 188.495429 -0.011605 0.999540 0.028019 -1.036653 0.187425 -0.025350 0.981952 26.093324
0.982286 0.017030 -0.186612 188.941033 -0.012008 0.999536 0.028008 -1.044240 0.187002 -0.025271 0.982034 26.181688
0.982648 0.017657 -0.184637 189.351998 -0.012827 0.999544 0.027319 -1.034090 0.185035 -0.024477 0.982427 26.280877
0.982123 0.016424 -0.187521 189.840056 -0.011637 0.999578 0.026600 -1.022268 0.187879 -0.023942 0.981900 26.433817
0.982224 0.017916 -0.186853 190.272201 -0.013134 0.999555 0.026799 -1.035419 0.187250 -0.023869 0.982022 26.520189
0.982395 0.016719 -0.186068 190.706456 -0.012078 0.999588 0.026046 -1.030926 0.186427 -0.023340 0.982192 26.622001
0.982279 0.014749 -0.186844 191.144219 -0.009980 0.999601 0.026440 -1.029462 0.187159 -0.024106 0.982034 26.729916
0.982155 0.013509 -0.187589 191.591940 -0.008754 0.999620 0.026157 -1.021335 0.187871 -0.024048 0.981899 26.849821
0.982143 0.013926 -0.187619 192.017881 -0.009225 0.999622 0.025906 -1.017315 0.187909 -0.023712 0.981900 26.945465
0.983067 0.015879 -0.182557 192.405032 -0.011936 0.999672 0.022675 -1.003948 0.182857 -0.020112 0.982934 27.000017
0.983338 0.013725 -0.181267 192.833972 -0.009647 0.999681 0.023355 -1.013358 0.181529 -0.021217 0.983157 27.079357
0.983485 0.013553 -0.180483 193.249619 -0.009553 0.999689 0.023019 -1.009692 0.180739 -0.020914 0.983309 27.170016
0.984130 0.013447 -0.176939 193.659600 -0.009247 0.999656 0.024537 -1.027893 0.177208 -0.022511 0.983916 27.235362
0.984427 0.013888 -0.175246 194.064973 -0.009796 0.999659 0.024197 -1.025138 0.175522 -0.022103 0.984227 27.327027
0.985079 0.014871 -0.171459 194.474917 -0.010874 0.999647 0.024226 -1.038365 0.171758 -0.022000 0.984893 27.370469
0.985407 0.016065 -0.169454 194.887729 -0.012140 0.999634 0.024176 -1.039692 0.169780 -0.021766 0.985242 27.449715
0.985311 0.014154 -0.170182 195.316219 -0.010412 0.999685 0.022857 -1.024854 0.170452 -0.020749 0.985147 27.542704
0.985538 0.014256 -0.168851 195.736670 -0.010645 0.999695 0.022270 -1.029166 0.169117 -0.020151 0.985390 27.608674
0.985583 0.012894 -0.168701 196.171053 -0.009425 0.999728 0.021350 -1.026684 0.168930 -0.019452 0.985436 27.676209
0.985989 0.015219 -0.166112 196.589424 -0.011948 0.999715 0.020677 -1.040241 0.166380 -0.018403 0.985890 27.720794
0.986287 0.014591 -0.164393 197.019712 -0.010793 0.999654 0.023974 -1.067373 0.164686 -0.021871 0.986103 27.779218
0.987429 0.016646 -0.157183 197.396861 -0.012954 0.999616 0.024481 -1.082093 0.157530 -0.022137 0.987266 27.818753
0.987093 0.016922 -0.159254 197.873862 -0.013044 0.999593 0.025370 -1.109124 0.159619 -0.022965 0.986912 27.863610
0.987300 0.014889 -0.158168 198.295530 -0.011238 0.999650 0.023952 -1.097030 0.158470 -0.021871 0.987122 27.936553
0.987242 0.015074 -0.158511 198.758831 -0.011244 0.999623 0.025029 -1.121662 0.158829 -0.022927 0.987040 27.989740
0.987225 0.016774 -0.158447 199.188760 -0.013076 0.999618 0.024353 -1.130051 0.158795 -0.021970 0.987067 28.059569
0.987106 0.015930 -0.159273 199.646942 -0.012263 0.999637 0.023979 -1.129637 0.159597 -0.021716 0.986943 28.121633
0.987547 0.017542 -0.156341 200.071406 -0.013854 0.999600 0.024648 -1.149722 0.156711 -0.022175 0.987396 28.171240
0.987668 0.018178 -0.155502 200.526611 -0.014432 0.999579 0.025183 -1.169701 0.155894 -0.022628 0.987515 28.212519
0.987644 0.017299 -0.155754 200.970766 -0.013491 0.999585 0.025468 -1.169477 0.156130 -0.023052 0.987467 28.296392
0.987587 0.018791 -0.155942 201.438995 -0.015232 0.999596 0.023983 -1.180397 0.156330 -0.021310 0.987475 28.329420
0.987737 0.018621 -0.155013 201.894124 -0.014882 0.999571 0.025242 -1.197401 0.155417 -0.022626 0.987590 28.386959
0.987696 0.019274 -0.155196 202.363929 -0.015595 0.999569 0.024888 -1.201791 0.155608 -0.022161 0.987570 28.447709
0.987476 0.018204 -0.156717 202.841704 -0.014278 0.999556 0.026142 -1.217989 0.157123 -0.023577 0.987298 28.519127
0.987427 0.019025 -0.156926 203.302729 -0.015268 0.999568 0.025114 -1.214712 0.157336 -0.022402 0.987291 28.597677
0.987440 0.020255 -0.156693 203.746869 -0.016761 0.999581 0.023592 -1.214632 0.157105 -0.020670 0.987366 28.670324
0.987636 0.021046 -0.155348 204.211053 -0.017744 0.999587 0.022610 -1.232065 0.155760 -0.019574 0.987601 28.694814
0.987466 0.020221 -0.156529 204.687617 -0.016904 0.999604 0.022495 -1.238768 0.156922 -0.019567 0.987417 28.769299
0.987723 0.019330 -0.155013 205.155956 -0.015856 0.999595 0.023615 -1.262158 0.155407 -0.020868 0.987630 28.832128
0.987313 0.018425 -0.157715 205.634650 -0.014714 0.999587 0.024667 -1.267992 0.158104 -0.022034 0.987177 28.929249
0.987302 0.019764 -0.157620 206.105878 -0.015879 0.999539 0.025868 -1.292430 0.158059 -0.023036 0.987161 28.993627
0.987310 0.021163 -0.157391 206.569985 -0.017291 0.999514 0.025930 -1.301657 0.157864 -0.022879 0.987196 29.045018
0.987251 0.025132 -0.157178 207.040797 -0.020992 0.999389 0.027945 -1.339526 0.157784 -0.024290 0.987175 29.122627
0.987179 0.023022 -0.157948 207.526936 -0.019096 0.999471 0.026330 -1.332354 0.158471 -0.022976 0.987096 29.191695
0.986724 0.022564 -0.160831 208.032264 -0.018605 0.999487 0.026081 -1.341451 0.161337 -0.022742 0.986637 29.265542
0.987349 0.023854 -0.156759 208.457953 -0.019981 0.999456 0.026237 -1.347926 0.157300 -0.022773 0.987288 29.339528
0.988569 0.028824 -0.147986 208.827505 -0.024943 0.999296 0.028015 -1.374694 0.148690 -0.024003 0.988593 29.414484
0.988860 0.030558 -0.145681 209.284597 -0.026708 0.999242 0.028313 -1.389339 0.146436 -0.024106 0.988926 29.488528
0.989175 0.030616 -0.143511 209.739621 -0.026755 0.999228 0.028757 -1.409946 0.144280 -0.024606 0.989231 29.535449
0.989327 0.031622 -0.142240 210.205237 -0.027748 0.999190 0.029137 -1.433658 0.143046 -0.024879 0.989403 29.582507
0.988201 0.027700 -0.150637 210.762625 -0.023792 0.999333 0.027687 -1.425378 0.151303 -0.023776 0.988201 29.681876
0.988646 0.028747 -0.147490 211.210504 -0.025100 0.999333 0.026528 -1.433307 0.148155 -0.022525 0.988708 29.738854
0.988975 0.031064 -0.144790 211.666610 -0.027440 0.999260 0.026959 -1.458844 0.145520 -0.022689 0.989095 29.795767
0.988886 0.030792 -0.145451 212.143828 -0.027250 0.999283 0.026284 -1.461952 0.146156 -0.022029 0.989016 29.873920
0.988784 0.031268 -0.146040 212.627965 -0.027753 0.999275 0.026047 -1.473862 0.146749 -0.021702 0.988936 29.946553
0.988759 0.031888 -0.146080 213.091290 -0.028407 0.999262 0.025853 -1.484910 0.146797 -0.021413 0.988935 30.026241
0.988927 0.033020 -0.144682 213.562258 -0.029592 0.999230 0.025781 -1.505137 0.145422 -0.021214 0.989142 30.068166
0.988910 0.033297 -0.144737 214.052348 -0.029814 0.999213 0.026166 -1.534005 0.145494 -0.021561 0.989124 30.100889
0.989044 0.031853 -0.144146 214.528766 -0.028283 0.999242 0.026750 -1.553026 0.144889 -0.022380 0.989195 30.166697
0.989069 0.032741 -0.143773 215.004737 -0.029367 0.999243 0.025529 -1.559029 0.144500 -0.021027 0.989281 30.229415
0.989423 0.032460 -0.141382 215.449330 -0.029151 0.999252 0.025408 -1.568840 0.142101 -0.021018 0.989629 30.300841
0.989183 0.031716 -0.143215 215.943490 -0.028490 0.999293 0.024526 -1.571475 0.143891 -0.020180 0.989388 30.389702
0.989157 0.031427 -0.143460 216.431680 -0.027992 0.999273 0.025901 -1.611116 0.144169 -0.021605 0.989317 30.437750
0.989092 0.032037 -0.143770 216.924165 -0.028577 0.999252 0.026072 -1.625036 0.144497 -0.021679 0.989268 30.506409
0.988992 0.030918 -0.144701 217.383632 -0.027440 0.999286 0.025974 -1.617916 0.145401 -0.021717 0.989134 30.625433
0.989359 0.032274 -0.141869 217.830071 -0.028929 0.999254 0.025581 -1.626875 0.142589 -0.021205 0.989555 30.688407
0.989176 0.032072 -0.143188 218.322010 -0.028852 0.999283 0.024512 -1.634488 0.143872 -0.020116 0.989392 30.753594
0.989121 0.032644 -0.143437 218.780217 -0.029326 0.999253 0.025186 -1.646819 0.144152 -0.020706 0.989339 30.852203
0.989117 0.032558 -0.143487 219.292145 -0.029070 0.999230 0.026339 -1.686268 0.144234 -0.021881 0.989302 30.897138
0.989539 0.033967 -0.140208 219.740517 -0.030497 0.999175 0.026820 -1.704473 0.141004 -0.022263 0.989759 30.939390
0.989203 0.035748 -0.142128 220.251520 -0.032178 0.999108 0.027336 -1.732342 0.142979 -0.022468 0.989471 31.000636
0.989273 0.036066 -0.141553 220.732519 -0.032536 0.999101 0.027174 -1.753549 0.142406 -0.022277 0.989558 31.049404
0.989117 0.035274 -0.142842 221.238295 -0.031760 0.999136 0.026806 -1.765611 0.143664 -0.021978 0.989382 31.115364
0.989452 0.035778 -0.140372 221.707145 -0.032385 0.999127 0.026381 -1.786517 0.141193 -0.021557 0.989747 31.153989
0.989278 0.036756 -0.141342 222.140619 -0.033475 0.999114 0.025520 -1.783101 0.142155 -0.020515 0.989632 31.274578
0.989311 0.038078 -0.140765 222.632369 -0.034693 0.999049 0.026424 -1.825426 0.141637 -0.021258 0.989690 31.334424
0.989465 0.038792 -0.139478 223.103331 -0.035385 0.999014 0.026825 -1.839004 0.140381 -0.021607 0.989862 31.378853
0.989241 0.038771 -0.141063 223.583790 -0.035273 0.999007 0.027216 -1.852415 0.141978 -0.021948 0.989626 31.475678
0.989256 0.039677 -0.140706 224.075093 -0.036032 0.998948 0.028360 -1.892467 0.141683 -0.022986 0.989645 31.512249
0.989129 0.037509 -0.142185 224.554429 -0.033836 0.999030 0.028165 -1.891165 0.143104 -0.023047 0.989439 31.622186
0.989090 0.037616 -0.142427 225.043005 -0.033722 0.998991 0.029658 -1.923597 0.143399 -0.024532 0.989361 31.688026
0.989210 0.037952 -0.141506 225.519408 -0.034306 0.999016 0.028123 -1.935271 0.142434 -0.022965 0.989538 31.750532
0.989241 0.038899 -0.141032 226.000471 -0.035283 0.998984 0.028047 -1.957178 0.141980 -0.022769 0.989608 31.811708
0.989291 0.037730 -0.140995 226.475829 -0.034002 0.999008 0.028758 -1.976245 0.141940 -0.023656 0.989593 31.888778
0.989385 0.038059 -0.140247 226.942888 -0.034369 0.998999 0.028639 -1.982418 0.141197 -0.023515 0.989702 31.961978
0.989137 0.036356 -0.142432 227.423665 -0.032677 0.999071 0.028086 -1.984440 0.143321 -0.023127 0.989406 32.060195
0.989072 0.037428 -0.142604 227.907863 -0.033724 0.999030 0.028306 -2.012202 0.143525 -0.023187 0.989375 32.121461
0.988575 0.036826 -0.146165 228.391684 -0.032958 0.999042 0.028798 -2.020489 0.147086 -0.023652 0.988841 32.207597
0.988709 0.037990 -0.144956 228.869527 -0.034142 0.998998 0.028946 -2.044434 0.145910 -0.023670 0.989015 32.252427
0.988994 0.038226 -0.142931 229.291704 -0.034492 0.998998 0.028511 -2.037698 0.143878 -0.023267 0.989322 32.374507
0.989028 0.037775 -0.142820 229.766690 -0.034047 0.999015 0.028457 -2.056834 0.143754 -0.023282 0.989340 32.435659
0.989062 0.037692 -0.142602 230.266212 -0.033764 0.998983 0.029867 -2.093971 0.143582 -0.024726 0.989329 32.470211
0.989165 0.037635 -0.141901 230.749996 -0.033731 0.998986 0.029820 -2.110503 0.142879 -0.024710 0.989432 32.523116
0.989105 0.037996 -0.142223 231.217018 -0.034102 0.998977 0.029714 -2.127023 0.143207 -0.024540 0.989388 32.594502
0.989653 0.038487 -0.138227 231.655796 -0.034844 0.998981 0.028681 -2.129845 0.139190 -0.023568 0.989985 32.652040
0.989333 0.038681 -0.140445 232.153294 -0.034886 0.998959 0.029385 -2.155726 0.141435 -0.024171 0.989652 32.720035
0.989451 0.038220 -0.139737 232.616121 -0.034459 0.998978 0.029237 -2.160731 0.140712 -0.024114 0.989757 32.808057
0.989139 0.039898 -0.141464 233.128102 -0.036084 0.998915 0.029429 -2.187142 0.142485 -0.024005 0.989506 32.848343
0.989094 0.040181 -0.141701 233.613615 -0.036279 0.998891 0.030014 -2.218406 0.142750 -0.024546 0.989454 32.890711
0.989421 0.039812 -0.139502 234.018994 -0.036105 0.998927 0.029005 -2.211813 0.140508 -0.023661 0.989797 32.986602
0.989416 0.040291 -0.139402 234.461062 -0.036538 0.998900 0.029375 -2.218673 0.140432 -0.023970 0.989800 33.090716
0.989341 0.040203 -0.139956 234.968510 -0.036366 0.998892 0.029867 -2.254601 0.141002 -0.024459 0.989707 33.127925
0.989404 0.039025 -0.139847 235.434683 -0.035333 0.998961 0.028792 -2.248719 0.140825 -0.023546 0.989754 33.196896
0.989417 0.038942 -0.139779 235.896233 -0.035276 0.998968 0.028612 -2.256822 0.140749 -0.023378 0.989769 33.274025
0.989317 0.039609 -0.140297 236.392550 -0.035788 0.998919 0.029657 -2.297552 0.141320 -0.024319 0.989665 33.327957
0.989246 0.038880 -0.140996 236.877608 -0.035187 0.998972 0.028589 -2.283931 0.141962 -0.023320 0.989597 33.429878
0.989405 0.039195 -0.139792 237.328154 -0.035498 0.998954 0.028839 -2.302818 0.140776 -0.023571 0.989761 33.495619
0.989566 0.037915 -0.138999 237.786678 -0.034335 0.999016 0.028065 -2.314971 0.139926 -0.023000 0.989895 33.562156
0.989519 0.038719 -0.139117 238.260547 -0.035007 0.998965 0.029030 -2.354087 0.140097 -0.023856 0.989850 33.631098
0.989659 0.037784 -0.138374 238.707892 -0.034193 0.999016 0.028238 -2.347088 0.139305 -0.023215 0.989977 33.721408
0.989520 0.038035 -0.139298 239.206249 -0.034440 0.999011 0.028129 -2.354034 0.140230 -0.023037 0.989851 33.759138
0.989463 0.037617 -0.139811 239.688410 -0.034078 0.999037 0.027620 -2.352468 0.140716 -0.022564 0.989793 33.809085
0.989596 0.037161 -0.138992 240.159743 -0.033612 0.999048 0.027796 -2.387175 0.139893 -0.022835 0.989903 33.857294
0.989654 0.038017 -0.138345 240.601490 -0.034475 0.999016 0.027911 -2.391705 0.139270 -0.022852 0.989991 33.965756
0.989483 0.038524 -0.139423 241.114531 -0.034844 0.998979 0.028747 -2.444140 0.140388 -0.023587 0.989816 33.990095
0.989360 0.038980 -0.140171 241.614126 -0.035227 0.998954 0.029163 -2.474562 0.141161 -0.023915 0.989698 34.051584
0.989511 0.037702 -0.139448 242.072884 -0.034120 0.999026 0.027985 -2.447475 0.140367 -0.022933 0.989834 34.126653
0.989487 0.039159 -0.139221 242.537968 -0.035403 0.998942 0.029351 -2.509332 0.140223 -0.024114 0.989826 34.190598
0.989398 0.039378 -0.139788 243.040078 -0.035585 0.998930 0.029533 -2.530459 0.140802 -0.024246 0.989741 34.246174
0.989484 0.039613 -0.139115 243.500868 -0.035811 0.998916 0.029726 -2.552687 0.140142 -0.024432 0.989830 34.316960
0.989522 0.039687 -0.138818 243.959453 -0.035893 0.998913 0.029732 -2.571414 0.139847 -0.024438 0.989872 34.372579
0.989443 0.040172 -0.139243 244.441289 -0.036335 0.998890 0.029990 -2.593768 0.140293 -0.024614 0.989804 34.419380
0.989430 0.040422 -0.139265 244.918403 -0.036550 0.998874 0.030247 -2.616100 0.140331 -0.024837 0.989793 34.487177
0.989146 0.040168 -0.141340 245.482507 -0.036244 0.998886 0.030232 -2.643949 0.142397 -0.024781 0.989499 34.530278
0.989137 0.040583 -0.141281 245.951183 -0.036647 0.998867 0.030353 -2.663006 0.142353 -0.024846 0.989504 34.619677
0.989286 0.039005 -0.140684 246.416254 -0.035220 0.998950 0.029298 -2.646670 0.141679 -0.024029 0.989621 34.668678
0.989138 0.038519 -0.141852 246.923247 -0.034693 0.998967 0.029348 -2.664437 0.142836 -0.024107 0.989453 34.743701
0.989058 0.039429 -0.142157 247.421007 -0.035549 0.998926 0.029734 -2.691350 0.143177 -0.024355 0.989397 34.826335
0.989013 0.039656 -0.142410 247.912234 -0.035745 0.998913 0.029915 -2.713335 0.143441 -0.024496 0.989356 34.895520
0.988987 0.039495 -0.142632 248.398703 -0.035597 0.998923 0.029777 -2.722768 0.143654 -0.024372 0.989328 34.965463
0.989236 0.039807 -0.140813 248.792734 -0.035900 0.998900 0.030178 -2.747339 0.141859 -0.024798 0.989576 35.039119
0.989203 0.039821 -0.141040 249.270364 -0.035925 0.998902 0.030065 -2.763592 0.142082 -0.024673 0.989547 35.040429
0.989190 0.039706 -0.141164 249.749164 -0.035799 0.998905 0.030108 -2.785567 0.142205 -0.024729 0.989528 35.089495
0.989178 0.039266 -0.141370 250.235581 -0.035365 0.998924 0.030008 -2.800225 0.142396 -0.024683 0.989502 35.166231
0.989160 0.040104 -0.141260 250.702640 -0.036150 0.998882 0.030448 -2.837846 0.142323 -0.025011 0.989504 35.253972
0.988818 0.040011 -0.143657 251.290895 -0.035973 0.998884 0.030603 -2.863060 0.144721 -0.025093 0.989154 35.325355
0.988877 0.039976 -0.143263 251.764262 -0.035974 0.998890 0.030423 -2.871535 0.144320 -0.024930 0.989217 35.401874
0.988812 0.040291 -0.143624 252.235309 -0.036269 0.998876 0.030512 -2.890730 0.144691 -0.024961 0.989162 35.500982
0.988779 0.040331 -0.143837 252.726329 -0.036290 0.998872 0.030609 -2.911745 0.144910 -0.025046 0.989128 35.567231
0.989034 0.040176 -0.142119 253.064779 -0.036210 0.998882 0.030385 -2.911757 0.143181 -0.024906 0.989383 35.618027
0.989289 0.041865 -0.139836 253.404933 -0.037999 0.998821 0.030201 -2.913958 0.140935 -0.024563 0.989714 35.538965
0.989296 0.041608 -0.139863 253.909413 -0.037776 0.998838 0.029941 -2.912359 0.140946 -0.024337 0.989718 35.652190
0.989365 0.040805 -0.139612 254.379596 -0.036996 0.998872 0.029769 -2.926133 0.140670 -0.024288 0.989759 35.702392
0.989411 0.041271 -0.139146 254.846446 -0.037454 0.998850 0.029936 -2.952457 0.140222 -0.024407 0.989819 35.688271
0.989707 0.041120 -0.137075 255.236825 -0.037266 0.998838 0.030567 -3.021331 0.138172 -0.025144 0.990089 35.453653
0.989520 0.040952 -0.138465 255.798446 -0.037066 0.998846 0.030529 -3.035296 0.139556 -0.025076 0.989897 35.587880
0.989695 0.041349 -0.137089 256.209667 -0.037453 0.998821 0.030873 -3.087428 0.138204 -0.025420 0.990077 35.355281
0.989655 0.041134 -0.137445 256.718285 -0.037210 0.998827 0.030999 -3.108943 0.138559 -0.025564 0.990024 35.411795
0.989668 0.040356 -0.137582 257.267234 -0.036346 0.998842 0.031532 -3.160897 0.138695 -0.026206 0.989988 35.561646
0.989756 0.040388 -0.136935 257.718198 -0.036347 0.998830 0.031888 -3.206726 0.138063 -0.026584 0.990067 35.452570
0.989817 0.039916 -0.136637 258.191129 -0.035851 0.998842 0.032081 -3.225567 0.137759 -0.026855 0.990102 35.527522
0.990068 0.039947 -0.134797 258.652220 -0.035883 0.998829 0.032446 -3.279697 0.135935 -0.027287 0.990342 35.278991
0.989673 0.038738 -0.138013 259.363249 -0.034525 0.998866 0.032784 -3.317586 0.139126 -0.027681 0.989888 35.425589
0.989769 0.039185 -0.137194 259.883278 -0.035027 0.998855 0.032596 -3.338679 0.138314 -0.027457 0.990008 35.248187
0.989837 0.038653 -0.136852 260.395610 -0.034518 0.998877 0.032458 -3.338543 0.137953 -0.027404 0.990060 35.054825
0.989802 0.038655 -0.137104 261.114124 -0.034614 0.998897 0.031739 -3.317909 0.138180 -0.026670 0.990048 34.663206
0.989518 0.039426 -0.138923 261.799257 -0.035378 0.998878 0.031488 -3.327335 0.140009 -0.026243 0.989802 34.631118
0.989219 0.041376 -0.140478 262.482130 -0.037037 0.998757 0.033364 -3.502854 0.141683 -0.027802 0.989522 34.539998
0.988948 0.041310 -0.142391 263.190606 -0.036835 0.998745 0.033920 -3.549082 0.143614 -0.028300 0.989229 34.671657
0.989232 0.041541 -0.140334 263.751713 -0.037152 0.998739 0.033755 -3.585866 0.141559 -0.028178 0.989529 34.289183
0.988834 0.043391 -0.142565 264.595627 -0.039073 0.998693 0.032949 -3.594418 0.143808 -0.027011 0.989237 34.187377
0.989015 0.042221 -0.141661 265.362186 -0.037889 0.998732 0.033137 -3.609878 0.142880 -0.027406 0.989360 33.798830
0.988145 0.042988 -0.147385 267.674404 -0.038628 0.998731 0.032315 -3.695251 0.148587 -0.026239 0.988551 32.067021
0.986403 0.049563 -0.156692 269.651024 -0.045498 0.998531 0.029427 -3.721661 0.157920 -0.021897 0.987209 31.634971
0.987597 0.045358 -0.150319 270.721064 -0.041546 0.998733 0.028406 -3.725598 0.151417 -0.021808 0.988229 30.469496
0.985409 0.039725 -0.165503 272.631679 -0.034316 0.998783 0.035417 -4.060543 0.166709 -0.029221 0.985573 31.413651
0.982248 0.040818 -0.183094 274.567286 -0.035274 0.998818 0.033436 -3.934953 0.184242 -0.026384 0.982527 32.869302
0.979974 0.041500 -0.194753 276.311223 -0.035663 0.998806 0.033386 -3.987330 0.195906 -0.025772 0.980284 33.617126
