1.000000 0.000000 0.000000 0.000000 0.000000 1.000000 0.000000 0.000000 0.000000 0.000000 1.000000 0.000000
0.999997 0.002241 0.000399 0.448284 -0.002241 0.999997 0.000126 0.036116 -0.000399 -0.000127 1.000000 0.091341
0.999996 0.002992 0.000138 0.916463 -0.002992 0.999995 0.000644 0.028448 -0.000136 -0.000644 1.000000 0.183171
0.999995 0.002819 -0.001074 1.421446 -0.002818 0.999996 0.000905 0.015088 0.001077 -0.000902 0.999999 0.261988
0.999991 0.002139 -0.003599 1.945787 -0.002137 0.999998 0.000566 0.016210 0.003600 -0.000558 0.999993 0.211640
0.999978 0.003425 -0.005646 2.448329 -0.003414 0.999992 0.001932 -0.012895 0.005653 -0.001912 0.999982 0.227875
0.999974 0.003543 -0.006338 2.927805 -0.003527 0.999991 0.002466 -0.026411 0.006347 -0.002444 0.999977 0.269187
0.999965 0.003884 -0.007439 3.404460 -0.003865 0.999989 0.002556 -0.030643 0.007449 -0.002527 0.999969 0.315920
0.999959 0.003294 -0.008493 3.882993 -0.003274 0.999992 0.002347 -0.027507 0.008500 -0.002319 0.999961 0.360723
0.999943 0.004017 -0.009921 4.373959 -0.003977 0.999984 0.004088 -0.074630 0.009937 -0.004048 0.999942 0.361635
0.999957 0.003035 -0.008743 4.777817 -0.003005 0.999989 0.003484 -0.069298 0.008753 -0.003458 0.999956 0.466698
0.999949 0.003069 -0.009622 5.269532 -0.003042 0.999991 0.002905 -0.049791 0.009631 -0.002876 0.999949 0.466090
0.999927 0.004452 -0.011202 5.763099 -0.004402 0.999980 0.004531 -0.091021 0.011222 -0.004481 0.999927 0.497073
0.999901 0.005611 -0.012877 6.256911 -0.005544 0.999971 0.005190 -0.113310 0.012906 -0.005118 0.999904 0.522030
0.999870 0.006191 -0.014893 6.750213 -0.006105 0.999965 0.005790 -0.130834 0.014928 -0.005699 0.999872 0.561298
0.999838 0.007526 -0.016364 7.236529 -0.007424 0.999952 0.006317 -0.153304 0.016411 -0.006195 0.999846 0.593933
0.999812 0.008550 -0.017390 7.704119 -0.008426 0.999938 0.007216 -0.185748 0.017450 -0.007068 0.999823 0.637409
0.999834 0.007346 -0.016659 8.134175 -0.007237 0.999952 0.006599 -0.172802 0.016707 -0.006477 0.999839 0.674868
0.999806 0.007306 -0.018265 8.644959 -0.007179 0.999950 0.006965 -0.179815 0.018315 -0.006833 0.999809 0.672411
0.999840 0.005912 -0.016889 9.047097 -0.005809 0.999964 0.006122 -0.158194 0.016924 -0.006023 0.999839 0.663393
0.999835 0.006718 -0.016848 9.497087 -0.006621 0.999961 0.005772 -0.138205 0.016886 -0.005659 0.999841 0.617935
0.999814 0.006097 -0.018300 9.979096 -0.005977 0.999960 0.006652 -0.167703 0.018339 -0.006542 0.999810 0.626186
0.999843 0.003143 -0.017452 10.449219 -0.003056 0.999983 0.005052 -0.126055 0.017468 -0.004998 0.999835 0.566423
0.999817 0.003439 -0.018821 10.949247 -0.003341 0.999981 0.005248 -0.129442 0.018839 -0.005184 0.999809 0.574628
0.999784 0.003278 -0.020523 11.423709 -0.003178 0.999983 0.004902 -0.118360 0.020539 -0.004836 0.999777 0.632471
0.999757 0.004034 -0.021690 11.918744 -0.003907 0.999975 0.005868 -0.154767 0.021713 -0.005782 0.999748 0.647574
0.999751 0.004161 -0.021913 12.346110 -0.004016 0.999970 0.006620 -0.182778 0.021940 -0.006530 0.999738 0.744598
0.999719 0.003126 -0.023482 12.845214 -0.003010 0.999983 0.004985 -0.128948 0.023497 -0.004913 0.999712 0.639598
0.999709 0.003826 -0.023831 13.305645 -0.003694 0.999978 0.005594 -0.155069 0.023852 -0.005505 0.999700 0.669763
0.999640 0.004901 -0.026365 13.861872 -0.004734 0.999968 0.006386 -0.178026 0.026396 -0.006259 0.999632 0.622784
0.999771 0.005563 -0.020649 14.054613 -0.005424 0.999962 0.006780 -0.193399 0.020685 -0.006666 0.999764 0.895083
0.999565 0.004380 -0.029151 14.858807 -0.004220 0.999976 0.005540 -0.166062 0.029175 -0.005415 0.999560 0.666054
0.999506 0.004426 -0.031111 15.393544 -0.004265 0.999977 0.005232 -0.158511 0.031133 -0.005097 0.999502 0.640562
0.999536 0.004978 -0.030056 15.738634 -0.004809 0.999972 0.005713 -0.166813 0.030083 -0.005566 0.999532 0.824238
0.999494 0.004691 -0.031471 16.278846 -0.004522 0.999975 0.005438 -0.163431 0.031496 -0.005293 0.999490 0.873303
0.999485 0.005399 -0.031618 16.727963 -0.005205 0.999967 0.006214 -0.191448 0.031650 -0.006046 0.999481 0.927353
0.999478 0.004251 -0.032013 17.169137 -0.004102 0.999980 0.004729 -0.153960 0.032033 -0.004595 0.999476 0.991707
0.999452 0.004541 -0.032779 17.646185 -0.004382 0.999978 0.004913 -0.163736 0.032801 -0.004767 0.999451 1.061180
0.999480 0.004098 -0.031998 18.050096 -0.003962 0.999983 0.004326 -0.138826 0.032015 -0.004197 0.999479 1.234364
0.999469 0.004217 -0.032315 18.483994 -0.004061 0.999980 0.004912 -0.164333 0.032335 -0.004778 0.999466 1.275323
0.999493 0.004666 -0.031489 18.878879 -0.004494 0.999975 0.005511 -0.183512 0.031514 -0.005367 0.999489 1.379374
0.999393 0.004643 -0.034539 19.451381 -0.004459 0.999975 0.005398 -0.189637 0.034563 -0.005241 0.999389 1.330792
0.999364 0.004788 -0.035327 19.902348 -0.004598 0.999975 0.005458 -0.191806 0.035352 -0.005292 0.999361 1.399703
0.999304 0.005711 -0.036867 20.412612 -0.005456 0.999961 0.007013 -0.273049 0.036906 -0.006807 0.999296 1.356772
0.999269 0.006040 -0.037744 20.874732 -0.005755 0.999954 0.007651 -0.306926 0.037788 -0.007428 0.999258 1.394072
0.999273 0.005788 -0.037695 21.275100 -0.005524 0.999960 0.007099 -0.277745 0.037734 -0.006885 0.999264 1.485594
0.999239 0.006128 -0.038523 21.752303 -0.005845 0.999955 0.007456 -0.294191 0.038567 -0.007225 0.999230 1.517348
0.999187 0.006641 -0.039771 22.217531 -0.006339 0.999950 0.007725 -0.301808 0.039820 -0.007467 0.999179 1.549193
0.999131 0.005897 -0.041271 22.671025 -0.005622 0.999961 0.006781 -0.256411 0.041310 -0.006543 0.999125 1.671944
0.999145 0.004614 -0.041087 23.056756 -0.004411 0.999978 0.005021 -0.176036 0.041109 -0.004836 0.999143 1.742731
0.999167 0.004916 -0.040517 23.401073 -0.004707 0.999975 0.005241 -0.183175 0.040541 -0.005046 0.999165 1.926953
0.999159 0.005152 -0.040675 23.820508 -0.004949 0.999975 0.005096 -0.171903 0.040701 -0.004890 0.999159 2.004727
0.999170 0.004580 -0.040475 24.214762 -0.004425 0.999983 0.003914 -0.113794 0.040492 -0.003732 0.999173 2.121796
0.999199 0.004383 -0.039775 24.566998 -0.004255 0.999986 0.003298 -0.082768 0.039789 -0.003127 0.999203 2.248368
0.999199 0.004482 -0.039759 24.962874 -0.004343 0.999984 0.003576 -0.102095 0.039775 -0.003400 0.999203 2.312255
0.999197 0.004183 -0.039844 25.358812 -0.004054 0.999986 0.003318 -0.099745 0.039858 -0.003153 0.999200 2.386995
0.999243 0.004069 -0.038690 25.710845 -0.003950 0.999987 0.003168 -0.095214 0.038702 -0.003013 0.999246 2.476175
0.999288 0.003770 -0.037534 26.053792 -0.003667 0.999989 0.002794 -0.083037 0.037544 -0.002655 0.999291 2.582379
0.999250 0.003315 -0.038573 26.471633 -0.003214 0.999991 0.002668 -0.078587 0.038582 -0.002542 0.999252 2.670484
0.999205 0.002882 -0.039750 26.893912 -0.002784 0.999993 0.002502 -0.075816 0.039757 -0.002389 0.999207 2.703166
0.999279 0.003146 -0.037847 27.114996 -0.003054 0.999992 0.002505 -0.077419 0.037855 -0.002387 0.999280 2.934453
0.999326 0.002196 -0.036654 27.460665 -0.002153 0.999997 0.001206 -0.025644 0.036656 -0.001126 0.999327 3.029974
0.999232 0.002409 -0.039113 28.044108 -0.002331 0.999995 0.002039 -0.077691 0.039118 -0.001946 0.999233 2.932441
0.999359 0.002610 -0.035696 28.191523 -0.002520 0.999994 0.002554 -0.109404 0.035703 -0.002463 0.999359 3.201168
0.999535 0.001698 -0.030442 28.263511 -0.001664 0.999998 0.001155 -0.035869 0.030444 -0.001104 0.999536 3.497517
0.999543 0.001024 -0.030214 28.650014 -0.001009 0.999999 0.000493 0.000997 0.030215 -0.000462 0.999543 3.599111
0.999347 0.003090 -0.035994 29.366022 -0.003023 0.999994 0.001906 -0.064149 0.036000 -0.001795 0.999350 3.368372
0.999374 0.002753 -0.035280 29.715807 -0.002663 0.999993 0.002599 -0.103391 0.035287 -0.002503 0.999374 3.320610
0.999156 0.003776 -0.040914 30.451842 -0.003623 0.999986 0.003795 -0.173528 0.040928 -0.003643 0.999155 3.155200
0.999133 0.002341 -0.041556 30.856824 -0.002232 0.999994 0.002684 -0.112048 0.041562 -0.002589 0.999133 3.208698
0.999161 0.001810 -0.040907 31.243179 -0.001716 0.999996 0.002343 -0.093315 0.040911 -0.002271 0.999160 3.219249
0.999042 0.001359 -0.043751 31.757952 -0.001287 0.999998 0.001694 -0.060221 0.043753 -0.001636 0.999041 3.240392
0.998970 0.001545 -0.045340 32.227429 -0.001490 0.999998 0.001256 -0.033872 0.045342 -0.001187 0.998971 3.221044
0.998954 0.001900 -0.045694 32.683294 -0.001823 0.999997 0.001723 -0.062228 0.045697 -0.001637 0.998954 3.128707
0.998931 0.001422 -0.046208 33.117576 -0.001357 0.999998 0.001444 -0.045052 0.046210 -0.001379 0.998931 3.133744
0.998840 0.001739 -0.048114 33.622496 -0.001661 0.999997 0.001666 -0.060953 0.048117 -0.001584 0.998840 3.181259
0.999054 0.003441 -0.043348 33.728966 -0.003340 0.999992 0.002399 -0.111731 0.043356 -0.002252 0.999057 3.336246
0.999005 0.002792 -0.044508 34.147708 -0.002702 0.999994 0.002068 -0.089418 0.044514 -0.001946 0.999007 3.393836
0.999002 0.002504 -0.044593 34.559434 -0.002416 0.999995 0.002021 -0.081644 0.044598 -0.001912 0.999003 3.403538
0.999021 0.002852 -0.044146 34.929049 -0.002763 0.999994 0.002074 -0.092035 0.044152 -0.001950 0.999023 3.415087
0.998979 0.001612 -0.045149 35.372779 -0.001549 0.999998 0.001421 -0.046043 0.045151 -0.001349 0.998979 3.450348
0.998961 0.001922 -0.045526 35.757635 -0.001868 0.999997 0.001230 -0.041814 0.045528 -0.001144 0.998962 3.502819
0.999159 0.003797 -0.040822 35.719066 -0.003712 0.999991 0.002160 -0.109845 0.040830 -0.002007 0.999164 3.806202
0.999051 0.002378 -0.043499 36.339157 -0.002286 0.999995 0.002165 -0.087115 0.043504 -0.002063 0.999051 3.697307
0.999065 0.001769 -0.043197 36.706029 -0.001673 0.999996 0.002254 -0.077803 0.043201 -0.002179 0.999064 3.734596
0.999041 0.002207 -0.043728 37.118610 -0.002119 0.999996 0.002057 -0.080887 0.043732 -0.001963 0.999041 3.774838
0.998945 0.002692 -0.045834 37.638735 -0.002599 0.999994 0.002094 -0.098658 0.045839 -0.001972 0.998947 3.767330
0.998896 0.001857 -0.046942 38.193826 -0.001781 0.999997 0.001656 -0.070732 0.046945 -0.001571 0.998896 3.643564
0.998619 0.001579 -0.052508 39.011708 -0.001472 0.999997 0.002076 -0.098201 0.052512 -0.001996 0.998618 3.575839
0.998540 0.001502 -0.053999 39.557124 -0.001376 0.999996 0.002373 -0.112816 0.054003 -0.002295 0.998538 3.543510
0.998583 0.001058 -0.053207 39.978003 -0.000911 0.999996 0.002774 -0.133167 0.053210 -0.002721 0.998580 3.372703
0.998553 0.002586 -0.053709 40.423430 -0.002473 0.999995 0.002165 -0.144478 0.053714 -0.002029 0.998554 3.419926
0.998498 0.002013 -0.054745 40.941593 -0.001887 0.999995 0.002353 -0.143872 0.054750 -0.002247 0.998498 3.343898
0.998496 0.001859 -0.054786 41.459938 -0.001724 0.999995 0.002500 -0.155220 0.054790 -0.002402 0.998495 3.237399
0.998282 0.000197 -0.058593 42.052594 0.000021 0.999993 0.003718 -0.172391 0.058593 -0.003713 0.998275 3.263586
0.998294 0.000257 -0.058393 42.552858 -0.000018 0.999992 0.004090 -0.196473 0.058393 -0.004082 0.998285 3.173772
0.998112 0.000166 -0.061424 43.178202 0.000069 0.999993 0.003825 -0.196166 0.061425 -0.003822 0.998104 3.130152
0.997918 -0.000100 -0.064490 43.769632 0.000398 0.999989 0.004615 -0.219612 0.064489 -0.004631 0.997908 3.149316
0.997808 -0.000959 -0.066176 44.344312 0.001360 0.999981 0.006016 -0.278965 0.066169 -0.006093 0.997790 3.028517
0.997723 -0.000804 -0.067439 44.912666 0.001255 0.999977 0.006647 -0.305918 0.067432 -0.006717 0.997701 2.996420
0.997600 -0.000510 -0.069234 45.499185 0.000963 0.999978 0.006519 -0.320069 0.069229 -0.006570 0.997579 2.965528
0.997446 -0.001083 -0.071423 46.121868 0.001561 0.999977 0.006644 -0.323845 0.071414 -0.006738 0.997424 2.966791
0.997008 -0.001222 -0.077290 46.802885 0.001738 0.999977 0.006610 -0.306881 0.077280 -0.006725 0.996987 3.075180
0.996919 -0.001423 -0.078430 47.378981 0.002011 0.999971 0.007409 -0.345131 0.078417 -0.007544 0.996892 3.000873
0.996664 -0.002106 -0.081587 48.019831 0.002744 0.999966 0.007717 -0.348816 0.081568 -0.007915 0.996636 3.016460
0.996456 -0.001841 -0.084093 48.632515 0.002440 0.999972 0.007020 -0.333162 0.084078 -0.007201 0.996433 3.111664
0.996801 0.000604 -0.079926 49.168725 -0.000013 0.999973 0.007400 -0.439490 0.079928 -0.007375 0.996773 2.673861
0.996049 -0.000237 -0.088809 49.898916 0.000816 0.999979 0.006476 -0.363855 0.088805 -0.006523 0.996028 3.092656
0.995701 -0.002546 -0.092592 50.551075 0.003285 0.999964 0.007826 -0.360794 0.092569 -0.008097 0.995673 3.192808
0.995503 -0.002443 -0.094698 51.184467 0.003231 0.999961 0.008168 -0.380501 0.094674 -0.008437 0.995473 3.150080
0.995277 -0.001064 -0.097071 51.806626 0.001764 0.999973 0.007123 -0.379036 0.097061 -0.007261 0.995252 3.150355
0.994825 -0.003193 -0.101551 52.478799 0.004143 0.999950 0.009139 -0.405780 0.101517 -0.009512 0.994788 3.211964
0.994407 -0.002875 -0.105579 53.114100 0.003807 0.999956 0.008629 -0.380838 0.105550 -0.008983 0.994373 3.374338
0.994230 -0.003539 -0.107212 53.782346 0.004580 0.999945 0.009463 -0.400666 0.107173 -0.009899 0.994191 3.358209
0.993870 -0.004316 -0.110472 54.430239 0.005499 0.999931 0.010411 -0.399286 0.110420 -0.010954 0.993825 3.443180
0.993479 -0.006962 -0.113805 55.090014 0.008458 0.999884 0.012664 -0.410583 0.113703 -0.013544 0.993422 3.524770
0.993142 -0.009646 -0.116513 55.731073 0.011485 0.999820 0.015120 -0.410627 0.116347 -0.016355 0.993074 3.630548
0.992837 -0.008057 -0.119209 56.368773 0.009766 0.999858 0.013758 -0.397335 0.119081 -0.014824 0.992774 3.737167
0.992555 -0.008751 -0.121485 56.992722 0.010665 0.999829 0.015108 -0.392452 0.121332 -0.016291 0.992478 3.853646
0.992689 -0.007799 -0.120444 57.588069 0.009746 0.999831 0.015580 -0.387120 0.120302 -0.016640 0.992598 3.943751
0.992685 -0.008164 -0.120455 58.207574 0.009833 0.999864 0.013268 -0.367974 0.120331 -0.014356 0.992630 4.005310
0.992317 -0.007468 -0.123498 58.794708 0.009309 0.999854 0.014335 -0.353819 0.123373 -0.015374 0.992241 4.140906
0.992255 -0.009203 -0.123876 59.409906 0.011184 0.999820 0.015302 -0.341194 0.123713 -0.016569 0.992180 4.223303
0.992137 -0.008004 -0.124897 60.007811 0.010212 0.999802 0.017049 -0.348402 0.124736 -0.018190 0.992023 4.321440
0.992168 -0.007299 -0.124701 60.586435 0.009575 0.999798 0.017660 -0.340664 0.124547 -0.018716 0.992037 4.420012
0.991670 -0.012718 -0.128173 61.217088 0.014846 0.999767 0.015659 -0.296069 0.127944 -0.017432 0.991628 4.517545
0.991628 -0.010852 -0.128669 61.803068 0.013132 0.999771 0.016881 -0.302930 0.128456 -0.018429 0.991544 4.605659
0.991607 -0.009700 -0.128924 62.382321 0.011845 0.999804 0.015879 -0.289729 0.128745 -0.017273 0.991527 4.702551
0.991411 -0.011286 -0.130299 62.956124 0.013270 0.999809 0.014369 -0.257933 0.130112 -0.015975 0.991371 4.815700
0.991805 -0.011134 -0.127276 63.476832 0.012848 0.999837 0.012658 -0.219287 0.127115 -0.014189 0.991787 4.926665
0.991972 -0.011388 -0.125944 64.027226 0.012970 0.999847 0.011747 -0.200861 0.125791 -0.013286 0.991968 5.017319
0.992030 -0.010517 -0.125565 64.564444 0.011947 0.999872 0.010642 -0.176833 0.125437 -0.012057 0.992028 5.109958
0.992651 -0.009695 -0.120623 65.059869 0.011042 0.999884 0.010504 -0.167001 0.120507 -0.011758 0.992643 5.170643
0.992540 -0.007081 -0.121714 65.606474 0.008069 0.999938 0.007621 -0.138356 0.121652 -0.008546 0.992536 5.249153
0.993087 -0.005685 -0.117247 66.109991 0.006526 0.999956 0.006785 -0.126648 0.117203 -0.007503 0.993080 5.314123
0.993431 -0.005307 -0.114314 66.633173 0.006079 0.999961 0.006408 -0.120114 0.114275 -0.007060 0.993424 5.373590
0.993450 -0.007225 -0.114038 67.168654 0.008283 0.999927 0.008807 -0.130865 0.113966 -0.009694 0.993437 5.450232
0.993714 -0.004162 -0.111875 67.693044 0.004984 0.999963 0.007067 -0.132548 0.111841 -0.007580 0.993697 5.447290
0.993971 -0.003443 -0.109592 68.218457 0.004142 0.999973 0.006146 -0.118808 0.109568 -0.006563 0.993958 5.514910
0.993998 -0.004175 -0.109319 68.762574 0.005016 0.999960 0.007421 -0.125724 0.109283 -0.007925 0.993979 5.564910
0.994018 -0.002347 -0.109195 69.295709 0.003142 0.999970 0.007107 -0.118540 0.109175 -0.007408 0.993995 5.644495
0.994738 -0.003298 -0.102400 69.811251 0.004361 0.999939 0.010159 -0.145468 0.102360 -0.010552 0.994691 5.643030
0.994762 -0.001235 -0.102206 70.355823 0.002326 0.999941 0.010564 -0.144902 0.102187 -0.010746 0.994707 5.702858
0.995076 -0.000739 -0.099108 70.880718 0.001759 0.999946 0.010210 -0.144830 0.099095 -0.010335 0.995024 5.751521
0.995634 0.002166 -0.093317 71.390679 -0.000969 0.999917 0.012868 -0.168745 0.093337 -0.012722 0.995553 5.784374
0.995642 0.000514 -0.093252 71.916458 0.000642 0.999923 0.012362 -0.151963 0.093251 -0.012368 0.995566 5.862001
0.995628 0.000749 -0.093409 72.477568 0.000179 0.999951 0.009928 -0.141866 0.093412 -0.009902 0.995578 5.889573
0.995641 0.000744 -0.093269 73.033430 0.000396 0.999925 0.012201 -0.160030 0.093271 -0.012185 0.995566 5.929191
0.995916 0.001619 -0.090271 73.553841 -0.000563 0.999931 0.011719 -0.162291 0.090284 -0.011620 0.995848 5.983859
0.996592 0.002947 -0.082430 74.032676 -0.001713 0.999886 0.015032 -0.187833 0.082465 -0.014840 0.996483 6.020284
0.997324 0.005126 -0.072933 74.487521 -0.003976 0.999866 0.015899 -0.197778 0.073004 -0.015567 0.997210 6.046380
0.997472 0.006553 -0.070751 75.028584 -0.005442 0.999859 0.015894 -0.215336 0.070846 -0.015468 0.997367 6.046946
0.998201 0.007534 -0.059483 75.487937 -0.006534 0.999835 0.016978 -0.226694 0.059601 -0.016559 0.998085 6.053166
0.998346 0.009508 -0.056696 76.030051 -0.008594 0.999830 0.016337 -0.241461 0.056842 -0.015822 0.998258 6.055137
0.998352 0.012459 -0.056018 76.592514 -0.011573 0.999803 0.016126 -0.258524 0.056208 -0.015451 0.998300 6.063059
0.998744 0.016822 -0.047187 77.021665 -0.016183 0.999773 0.013885 -0.255902 0.047409 -0.013104 0.998790 6.033855
0.998953 0.016164 -0.042797 77.542079 -0.015401 0.999718 0.018089 -0.293822 0.043077 -0.017411 0.998920 6.032580
0.999285 0.015302 -0.034578 78.056130 -0.014696 0.999735 0.017704 -0.313093 0.034839 -0.017184 0.999245 6.021202
0.999401 0.014553 -0.031390 78.599805 -0.013976 0.999731 0.018528 -0.347057 0.031651 -0.018078 0.999335 6.015719
0.999579 0.014393 -0.025199 79.130725 -0.013878 0.999694 0.020493 -0.389486 0.025486 -0.020134 0.999472 5.980576
0.999659 0.016871 -0.019918 79.671927 -0.016450 0.999642 0.021125 -0.423255 0.020267 -0.020790 0.999578 5.936219
0.999722 0.016499 -0.016855 80.248089 -0.016135 0.999639 0.021474 -0.460573 0.017203 -0.021196 0.999627 5.864195
0.999735 0.017730 -0.014710 80.834674 -0.017410 0.999616 0.021579 -0.489450 0.015087 -0.021317 0.999659 5.833507
0.999791 0.016616 -0.011895 81.431056 -0.016328 0.999579 0.023978 -0.528979 0.012288 -0.023779 0.999642 5.786989
0.999818 0.018324 -0.005244 82.018612 -0.018191 0.999537 0.024409 -0.571961 0.005689 -0.024309 0.999688 5.720101
0.999752 0.022236 -0.000959 82.621237 -0.022205 0.999446 0.024774 -0.619861 0.001509 -0.024746 0.999693 5.657412
0.999783 0.020795 0.001108 83.264719 -0.020815 0.999513 0.023263 -0.644644 -0.000624 -0.023281 0.999729 5.594192
0.999756 0.021730 0.004006 83.914718 -0.021825 0.999437 0.025492 -0.701971 -0.003450 -0.025573 0.999667 5.520300
0.999751 0.021857 0.004421 84.598546 -0.021970 0.999379 0.027559 -0.751609 -0.003816 -0.027649 0.999610 5.462082
0.999730 0.022552 0.005666 85.282540 -0.022711 0.999298 0.029805 -0.809861 -0.004990 -0.029925 0.999540 5.406414
0.999588 0.023510 0.016448 85.872610 -0.023960 0.999328 0.027734 -0.815615 -0.015785 -0.028116 0.999480 5.349376
0.999548 0.026388 0.014388 86.596219 -0.026808 0.999195 0.029836 -0.883984 -0.013589 -0.030209 0.999451 5.285392
0.999641 0.024058 0.011778 87.384553 -0.024460 0.999076 0.035348 -0.991677 -0.010916 -0.035624 0.999306 5.206209
0.999613 0.025311 0.011566 88.147128 -0.025723 0.998986 0.036947 -1.053364 -0.010620 -0.037230 0.999250 5.124102
0.999624 0.024009 0.013257 88.849598 -0.024480 0.999031 0.036581 -1.068531 -0.012366 -0.036892 0.999243 5.099068
0.999542 0.026642 0.014332 89.585483 -0.027142 0.998986 0.035923 -1.076010 -0.013360 -0.036296 0.999252 5.026107
0.999382 0.028827 0.020134 90.257518 -0.029515 0.998960 0.034755 -1.106383 -0.019112 -0.035328 0.999193 4.960793
0.999374 0.029924 0.018865 91.016212 -0.030595 0.998870 0.036361 -1.156482 -0.017755 -0.036916 0.999161 4.860939
0.999440 0.028540 0.017474 91.834036 -0.029162 0.998910 0.036438 -1.179165 -0.016415 -0.036927 0.999183 4.831359
0.999530 0.028241 0.011918 92.675091 -0.028640 0.998984 0.034792 -1.174500 -0.010923 -0.035117 0.999324 4.831921
0.999631 0.026076 0.007617 93.535077 -0.026334 0.999007 0.035949 -1.215372 -0.006672 -0.036136 0.999325 4.812954
0.999673 0.025442 0.002689 94.386775 -0.025520 0.999073 0.034677 -1.215978 -0.001804 -0.034735 0.999395 4.805724
0.999650 0.026393 0.001750 95.167831 -0.026437 0.999099 0.033196 -1.220763 -0.000873 -0.033231 0.999447 4.808523
0.999639 0.026863 0.000610 95.968266 -0.026869 0.999169 0.030651 -1.215611 0.000214 -0.030656 0.999530 4.792796
0.999639 0.026794 -0.002107 96.785677 -0.026715 0.999146 0.031526 -1.243424 0.002950 -0.031458 0.999501 4.805841
0.999647 0.026003 -0.005488 97.614412 -0.025817 0.999166 0.031643 -1.260795 0.006306 -0.031490 0.999484 4.823079
0.999660 0.025500 -0.005518 98.391446 -0.025298 0.999101 0.034028 -1.306477 0.006381 -0.033877 0.999406 4.831547
0.999636 0.026876 -0.002306 99.171327 -0.026785 0.999088 0.033261 -1.354420 0.003198 -0.033187 0.999444 4.733755
0.999656 0.023956 -0.010724 100.046372 -0.023525 0.998978 0.038607 -1.418909 0.011637 -0.038341 0.999197 4.818746
0.999709 0.022658 -0.008238 100.792815 -0.022328 0.999020 0.038228 -1.412838 0.009096 -0.038033 0.999235 4.869990
0.999628 0.024797 -0.011335 101.606775 -0.024346 0.998968 0.038331 -1.433323 0.012274 -0.038041 0.999201 4.908571
0.999653 0.025725 -0.005710 102.295151 -0.025489 0.998951 0.038047 -1.440249 0.006683 -0.037888 0.999260 4.930078
0.999634 0.025384 -0.009383 103.079061 -0.025003 0.998939 0.038662 -1.442887 0.010355 -0.038414 0.999208 5.019567
0.999578 0.026593 -0.011665 103.839222 -0.026131 0.998932 0.038107 -1.442232 0.012666 -0.037786 0.999206 5.078594
0.999577 0.027332 -0.009957 104.548883 -0.026933 0.998904 0.038283 -1.451158 0.010992 -0.037998 0.999217 5.118454
0.999543 0.030034 -0.003489 105.184719 -0.029882 0.998841 0.037741 -1.443271 0.004619 -0.037620 0.999281 5.181707
0.999556 0.029055 -0.006555 105.969672 -0.028789 0.998877 0.037619 -1.468522 0.007641 -0.037414 0.999271 5.186024
0.999490 0.031671 -0.004192 106.654449 -0.031497 0.998838 0.036472 -1.469469 0.005342 -0.036322 0.999326 5.229045
0.999457 0.032875 -0.002061 107.343313 -0.032781 0.998836 0.035386 -1.485872 0.003221 -0.035300 0.999372 5.236000
0.999342 0.035530 0.007348 107.913528 -0.035767 0.998742 0.035136 -1.506027 -0.006091 -0.035376 0.999356 5.229730
0.999304 0.036474 0.007856 108.638941 -0.036731 0.998693 0.035531 -1.552074 -0.006549 -0.035794 0.999338 5.229795
0.999314 0.035490 0.010565 109.300050 -0.035840 0.998742 0.035084 -1.565965 -0.009307 -0.035438 0.999329 5.248487
0.999140 0.034714 0.022653 109.845556 -0.035472 0.998794 0.033944 -1.588463 -0.021448 -0.034718 0.999167 5.110362
0.998907 0.036791 0.028827 110.474741 -0.037802 0.998660 0.035335 -1.658929 -0.027488 -0.036386 0.998960 5.079887
0.999002 0.035975 0.026468 111.196274 -0.036887 0.998712 0.034836 -1.651969 -0.025181 -0.035778 0.999042 5.112688
0.998647 0.039475 0.033863 111.826729 -0.040692 0.998521 0.036048 -1.741231 -0.032390 -0.037377 0.998776 4.976452
0.998568 0.039310 0.036283 112.496511 -0.040605 0.998539 0.035663 -1.761681 -0.034828 -0.037086 0.998705 4.965576
0.998467 0.038786 0.039500 113.189352 -0.040234 0.998522 0.036543 -1.832410 -0.038025 -0.038076 0.998551 4.856182
0.998413 0.037929 0.041616 113.881317 -0.039523 0.998489 0.038187 -1.883632 -0.040105 -0.039771 0.998404 4.802415
0.998208 0.039641 0.044832 114.587600 -0.041417 0.998365 0.039405 -1.954706 -0.043197 -0.041191 0.998217 4.698740
0.997895 0.042320 0.049132 115.281142 -0.044340 0.998183 0.040790 -2.039158 -0.047317 -0.042883 0.997959 4.582223
0.997846 0.041432 0.050869 116.019611 -0.043621 0.998135 0.042697 -2.105644 -0.049005 -0.044824 0.997792 4.501819
0.997532 0.042589 0.055821 116.742684 -0.045067 0.998018 0.043914 -2.180701 -0.053840 -0.046322 0.997475 4.398536
0.997576 0.043392 0.054395 117.520922 -0.045793 0.997995 0.043699 -2.217216 -0.052390 -0.046084 0.997563 4.342704
0.997475 0.043954 0.055781 118.294359 -0.046428 0.997958 0.043863 -2.275828 -0.053740 -0.046342 0.997479 4.253978
0.997339 0.044003 0.058132 119.060893 -0.046584 0.997953 0.043808 -2.328304 -0.056085 -0.046400 0.997347 4.141366
0.997101 0.044167 0.061962 119.827721 -0.046947 0.997921 0.044148 -2.389317 -0.059883 -0.046929 0.997102 4.056824
0.996798 0.047582 0.064269 120.590425 -0.050723 0.997551 0.048161 -2.491674 -0.061820 -0.051267 0.996770 3.990837
0.996714 0.047446 0.065651 121.387917 -0.050678 0.997538 0.048479 -2.550546 -0.063190 -0.051647 0.996664 3.893961
0.996488 0.048676 0.068130 122.187923 -0.052086 0.997430 0.049204 -2.631832 -0.065559 -0.052580 0.996462 3.763303
0.996665 0.048343 0.065746 123.061046 -0.051582 0.997491 0.048497 -2.679863 -0.063237 -0.051726 0.996657 3.683677
0.996324 0.049416 0.069980 123.830589 -0.052838 0.997453 0.047922 -2.722764 -0.067433 -0.051443 0.996397 3.544870
0.995656 0.052446 0.076928 124.533573 -0.056138 0.997333 0.046636 -2.753947 -0.074277 -0.050752 0.995945 3.409031
0.995713 0.053471 0.075478 125.408529 -0.057259 0.997159 0.048949 -2.853547 -0.072646 -0.053061 0.995945 3.309320
0.995538 0.053675 0.077603 126.234676 -0.057647 0.997091 0.049874 -2.931887 -0.074700 -0.054125 0.995736 3.194600
0.995173 0.056941 0.079932 127.060184 -0.061071 0.996870 0.050211 -3.017311 -0.076823 -0.054850 0.995535 3.044440
0.995026 0.057665 0.081232 127.910034 -0.062072 0.996673 0.052819 -3.133556 -0.077916 -0.057599 0.995295 2.904535
0.995424 0.054647 0.078395 128.871928 -0.058949 0.996818 0.053651 -3.227923 -0.075213 -0.058027 0.995478 2.778076
0.995307 0.054168 0.080184 129.736157 -0.058744 0.996710 0.055845 -3.359156 -0.076895 -0.060293 0.995214 2.596271
0.995547 0.053424 0.077664 130.709304 -0.057906 0.996713 0.056660 -3.436411 -0.074381 -0.060905 0.995368 2.484801
0.995457 0.053931 0.078469 131.613768 -0.058555 0.996605 0.057876 -3.552801 -0.075081 -0.062208 0.995235 2.300246
0.995738 0.052626 0.075739 132.602019 -0.057018 0.996742 0.057041 -3.600962 -0.072490 -0.061116 0.995495 2.222109
0.995798 0.054889 0.073299 133.576393 -0.059160 0.996596 0.057422 -3.655136 -0.069898 -0.061517 0.995656 2.154904
0.996024 0.053118 0.071516 134.576504 -0.057519 0.996482 0.060952 -3.815085 -0.068026 -0.064823 0.995575 1.966708
0.995752 0.055100 0.073764 135.507428 -0.059626 0.996377 0.060643 -3.894797 -0.070156 -0.064784 0.995430 1.835181
0.995786 0.055552 0.072974 136.495604 -0.060150 0.996237 0.062394 -4.007177 -0.069233 -0.066520 0.995380 1.710299
0.996185 0.053703 0.068789 137.527702 -0.058128 0.996254 0.064022 -4.071176 -0.065093 -0.067777 0.995575 1.684144
0.996307 0.054299 0.066512 138.535924 -0.058515 0.996285 0.063185 -4.125341 -0.062834 -0.066843 0.995783 1.608620
0.996605 0.053945 0.062195 139.580793 -0.058037 0.996131 0.065987 -4.224304 -0.058395 -0.069373 0.995880 1.571430
0.996826 0.054046 0.058460 140.666502 -0.058079 0.995880 0.069643 -4.369789 -0.054455 -0.072817 0.995858 1.461260
0.996910 0.054428 0.056633 141.663184 -0.058338 0.995850 0.069849 -4.424537 -0.052597 -0.072937 0.995949 1.439933
0.996992 0.052935 0.056617 142.621166 -0.056718 0.996111 0.067426 -4.418283 -0.052827 -0.070435 0.996117 1.415071
0.997094 0.054359 0.053369 143.655958 -0.057965 0.995965 0.068515 -4.495810 -0.049429 -0.071409 0.996222 1.374357
0.997257 0.053597 0.051046 144.671868 -0.057046 0.996005 0.068704 -4.545676 -0.047159 -0.071428 0.996330 1.343535
0.997475 0.053568 0.046633 145.732532 -0.056729 0.995979 0.069336 -4.611167 -0.042731 -0.071806 0.996503 1.321625
0.997520 0.053672 0.045521 146.708678 -0.056701 0.996068 0.068070 -4.631223 -0.041689 -0.070483 0.996641 1.281564
0.997596 0.053940 0.043496 147.712232 -0.056827 0.996057 0.068122 -4.678912 -0.039650 -0.070430 0.996728 1.244161
0.997300 0.055118 0.048531 148.519344 -0.058396 0.995912 0.068919 -4.783428 -0.044534 -0.071567 0.996441 1.034607
0.997425 0.055854 0.044982 149.558575 -0.058870 0.995893 0.068783 -4.824734 -0.040955 -0.071254 0.996617 1.041138
0.997117 0.056629 0.050514 150.393006 -0.060184 0.995595 0.071887 -4.983053 -0.046221 -0.074719 0.996133 0.901467
0.997276 0.056251 0.047704 151.409644 -0.059557 0.995699 0.070966 -5.021953 -0.043507 -0.073613 0.996337 0.884081
0.997238 0.056535 0.048167 152.372597 -0.059915 0.995611 0.071891 -5.114606 -0.043891 -0.074578 0.996249 0.827692
0.997297 0.055571 0.048065 153.363070 -0.058932 0.995692 0.071592 -5.129105 -0.043879 -0.074231 0.996275 0.853642
0.997010 0.059471 0.049329 154.297183 -0.062838 0.995582 0.069766 -5.204828 -0.044962 -0.072657 0.996343 0.720737
0.997313 0.056406 0.046736 155.305265 -0.059691 0.995605 0.072158 -5.261385 -0.042461 -0.074754 0.996298 0.756954
0.997412 0.056099 0.044972 156.299902 -0.059233 0.995666 0.071695 -5.313190 -0.040755 -0.074173 0.996412 0.716749
0.997719 0.052487 0.042460 157.315881 -0.055602 0.995566 0.075869 -5.417396 -0.038290 -0.078057 0.996213 0.703982
0.997854 0.050905 0.041180 158.311590 -0.053916 0.995675 0.075656 -5.460954 -0.037151 -0.077714 0.996283 0.681206
0.997675 0.053318 0.042457 159.250111 -0.056368 0.995648 0.074215 -5.510438 -0.038316 -0.076436 0.996338 0.633513
0.997719 0.052849 0.041995 160.210040 -0.055863 0.995681 0.074154 -5.532506 -0.037895 -0.076331 0.996362 0.666531
0.997635 0.054325 0.042111 161.176706 -0.057407 0.995469 0.075806 -5.618051 -0.037802 -0.078044 0.996233 0.594034
0.996937 0.057302 0.053218 161.935983 -0.061159 0.995386 0.073931 -5.628526 -0.048736 -0.076959 0.995842 0.602498
0.997424 0.055090 0.045933 163.007683 -0.058398 0.995539 0.074102 -5.689843 -0.041646 -0.076594 0.996192 0.566008
0.997324 0.055449 0.047656 163.935379 -0.058910 0.995474 0.074571 -5.744204 -0.043305 -0.077179 0.996076 0.534136
0.997248 0.058120 0.046022 164.878371 -0.061490 0.995245 0.075545 -5.805252 -0.041413 -0.078167 0.996080 0.553538
0.997159 0.058992 0.046842 165.829886 -0.062426 0.995182 0.075601 -5.883721 -0.042156 -0.078311 0.996037 0.452218
0.997224 0.057429 0.047390 166.773273 -0.060896 0.995301 0.075288 -5.927640 -0.042844 -0.077965 0.996035 0.410730
0.997007 0.058513 0.050521 167.651636 -0.062245 0.995180 0.075776 -5.987200 -0.045844 -0.078694 0.995844 0.393688
0.996819 0.060881 0.051428 168.559373 -0.064699 0.994993 0.076179 -6.048614 -0.046532 -0.079264 0.995767 0.375516
0.996879 0.060878 0.050265 169.538889 -0.064538 0.995114 0.074719 -6.110969 -0.045471 -0.077729 0.995937 0.285769
0.996806 0.060924 0.051633 170.450623 -0.064645 0.995179 0.073756 -6.153869 -0.046890 -0.076858 0.995939 0.235153
0.996832 0.060993 0.051054 171.407389 -0.064665 0.995185 0.073656 -6.207009 -0.046316 -0.076724 0.995976 0.185253
0.996970 0.060182 0.049294 172.390424 -0.063628 0.995401 0.071606 -6.238027 -0.044758 -0.074526 0.996214 0.143864
0.996821 0.060993 0.051255 173.309168 -0.064660 0.995216 0.073243 -6.333858 -0.046543 -0.076324 0.995996 0.093051
0.996644 0.062579 0.052761 174.208934 -0.066275 0.995237 0.071488 -6.381553 -0.048036 -0.074745 0.996045 -0.027399
0.996712 0.061897 0.052278 175.150900 -0.065573 0.995261 0.071798 -6.465912 -0.047586 -0.074990 0.996048 -0.137242
0.996825 0.060917 0.051265 176.117002 -0.064565 0.995253 0.072814 -6.527481 -0.046587 -0.075893 0.996027 -0.130086
0.996680 0.060572 0.054409 177.036158 -0.064484 0.995226 0.073261 -6.613440 -0.049712 -0.076527 0.995827 -0.237027
0.996904 0.058603 0.052419 178.034191 -0.062437 0.995244 0.074775 -6.678812 -0.047787 -0.077816 0.995822 -0.236932
0.996931 0.058943 0.051518 178.984795 -0.062616 0.995374 0.072866 -6.699387 -0.046985 -0.075868 0.996010 -0.254548
0.996903 0.058710 0.052321 179.944613 -0.062521 0.995263 0.074455 -6.801561 -0.047702 -0.077496 0.995851 -0.354748
0.996954 0.058012 0.052121 180.894269 -0.061801 0.995319 0.074300 -6.847123 -0.047567 -0.077295 0.995873 -0.391727
0.996794 0.060249 0.052649 181.852495 -0.064073 0.995179 0.074252 -6.918394 -0.047921 -0.077387 0.995849 -0.453831
0.996775 0.060155 0.053121 182.787601 -0.064060 0.995112 0.075157 -6.984977 -0.048340 -0.078317 0.995756 -0.483982
0.996800 0.059810 0.053026 183.743051 -0.063703 0.995143 0.075045 -7.043137 -0.048280 -0.078183 0.995769 -0.522118
0.996763 0.060530 0.052903 184.681033 -0.064386 0.995140 0.074506 -7.096664 -0.048136 -0.077671 0.995816 -0.561964
0.996583 0.061347 0.055300 185.592966 -0.065355 0.995126 0.073838 -7.153610 -0.050501 -0.077200 0.995736 -0.612042
0.996753 0.059749 0.053985 186.594407 -0.063737 0.995110 0.075459 -7.252863 -0.049212 -0.078655 0.995687 -0.704734
0.996669 0.059752 0.055509 187.522815 -0.063843 0.995130 0.075102 -7.316626 -0.050751 -0.078395 0.995630 -0.755824
0.996646 0.060595 0.054995 188.494079 -0.064693 0.995001 0.076078 -7.397602 -0.050110 -0.079381 0.995584 -0.799975
0.996649 0.060719 0.054801 189.459234 -0.064873 0.994879 0.077510 -7.485299 -0.049814 -0.080805 0.995484 -0.862181
0.996402 0.062298 0.057463 190.366294 -0.066651 0.994783 0.077231 -7.544296 -0.052351 -0.080783 0.995356 -0.900544
0.996433 0.062619 0.056577 191.356663 -0.066894 0.994774 0.077131 -7.609218 -0.051451 -0.080641 0.995414 -0.952991
0.996439 0.061645 0.057532 192.320517 -0.065914 0.994963 0.075521 -7.639463 -0.052587 -0.079044 0.995483 -1.001264
0.996555 0.061603 0.055520 193.347221 -0.065688 0.995014 0.075042 -7.686212 -0.050621 -0.078431 0.995634 -1.060857
0.996457 0.062638 0.056129 194.296678 -0.066770 0.994942 0.075049 -7.774722 -0.051144 -0.078531 0.995599 -1.181771
0.996461 0.062925 0.055732 195.279962 -0.067052 0.994883 0.075577 -7.858499 -0.050691 -0.079047 0.995581 -1.248583
0.996530 0.061598 0.055988 196.250786 -0.065712 0.995024 0.074895 -7.905116 -0.051096 -0.078315 0.995618 -1.287871
0.996230 0.063183 0.059444 197.138319 -0.067569 0.994897 0.074935 -8.002837 -0.054406 -0.078669 0.995415 -1.423763
0.996498 0.061972 0.056139 198.190866 -0.066080 0.995026 0.074536 -8.060083 -0.051241 -0.077985 0.995637 -1.453124
0.996603 0.060766 0.055593 199.172092 -0.064826 0.995120 0.074386 -8.110501 -0.050802 -0.077737 0.995679 -1.481865
0.996648 0.059607 0.056036 200.161211 -0.063687 0.995217 0.074079 -8.184235 -0.051352 -0.077400 0.995677 -1.575180
0.996588 0.059506 0.057200 201.117683 -0.063744 0.995117 0.075353 -8.296337 -0.052437 -0.078742 0.995515 -1.680687
0.996601 0.059686 0.056781 202.108786 -0.063887 0.995112 0.075304 -8.369165 -0.052009 -0.078675 0.995543 -1.749999
0.996664 0.060740 0.054520 203.129711 -0.064745 0.995081 0.074977 -8.422429 -0.049698 -0.078256 0.995694 -1.799281
0.996836 0.060754 0.051248 204.190348 -0.064487 0.995123 0.074649 -8.481297 -0.046463 -0.077717 0.995892 -1.873406
0.996798 0.060150 0.052677 205.158593 -0.063947 0.995233 0.073640 -8.516682 -0.047996 -0.076773 0.995893 -1.918806
0.996766 0.059777 0.053710 206.120364 -0.063687 0.995200 0.074303 -8.595674 -0.049010 -0.077483 0.995788 -1.980031
0.996785 0.059777 0.053359 207.120126 -0.063659 0.995203 0.074286 -8.654891 -0.048662 -0.077444 0.995808 -2.022287
0.996981 0.059168 0.050285 208.181564 -0.062740 0.995378 0.072709 -8.673103 -0.045751 -0.075644 0.996085 -2.053113
0.996760 0.060857 0.052602 209.108682 -0.064618 0.995234 0.073033 -8.735247 -0.047906 -0.076195 0.995941 -2.094420
0.996639 0.061628 0.053965 210.053815 -0.065572 0.995051 0.074658 -8.830860 -0.049097 -0.077945 0.995748 -2.111391
0.996502 0.062650 0.055309 211.006183 -0.066699 0.994974 0.074682 -8.889181 -0.050352 -0.078110 0.995672 -2.142869
0.996558 0.061426 0.055660 212.011073 -0.065388 0.995230 0.072396 -8.906770 -0.050947 -0.075786 0.995822 -2.185636
0.996668 0.061939 0.053068 213.055738 -0.065716 0.995190 0.072652 -8.944497 -0.048312 -0.075897 0.995945 -2.143604
0.996294 0.063413 0.058118 213.919319 -0.067621 0.994996 0.073558 -9.046875 -0.053163 -0.077215 0.995596 -2.240065
0.996332 0.061639 0.059357 214.886737 -0.065801 0.995309 0.070922 -9.061663 -0.054707 -0.074567 0.995714 -2.325364
0.996102 0.062772 0.061974 215.795730 -0.067208 0.995116 0.072306 -9.187872 -0.057133 -0.076189 0.995455 -2.458074
0.995901 0.062566 0.065318 216.726927 -0.067296 0.995064 0.072924 -9.261492 -0.060433 -0.077021 0.995196 -2.491844
0.995984 0.062188 0.064403 217.733655 -0.066983 0.994917 0.075188 -9.359956 -0.059400 -0.079200 0.995087 -2.533212
0.995741 0.062751 0.067551 218.671833 -0.067852 0.994791 0.076071 -9.464424 -0.062425 -0.080330 0.994812 -2.642721
0.995796 0.063599 0.065925 219.689697 -0.068519 0.994807 0.075261 -9.521083 -0.060796 -0.079461 0.994982 -2.701114
0.995697 0.064654 0.066392 220.656816 -0.069612 0.994729 0.075295 -9.597585 -0.061174 -0.079592 0.994949 -2.769264
0.995748 0.063345 0.066881 221.639792 -0.068468 0.994652 0.077326 -9.726170 -0.061625 -0.081576 0.994760 -2.902447
0.995249 0.063656 0.073673 222.529182 -0.069325 0.994608 0.077133 -9.815310 -0.068366 -0.081874 0.994295 -3.025882
0.995063 0.064395 0.075524 223.498852 -0.070287 0.994461 0.078148 -9.940898 -0.070073 -0.083071 0.994077 -3.174396
0.995661 0.062191 0.069217 224.634567 -0.067536 0.994682 0.077762 -9.964712 -0.064013 -0.082100 0.994566 -3.125371
0.995493 0.062113 0.071658 225.610568 -0.067714 0.994605 0.078583 -10.068529 -0.066390 -0.083081 0.994329 -3.248278
0.995601 0.061090 0.071036 226.642035 -0.066689 0.994616 0.079325 -10.145342 -0.065807 -0.083714 0.994315 -3.320300
0.995704 0.060220 0.070337 227.681986 -0.065786 0.994647 0.079689 -10.221881 -0.065162 -0.083974 0.994335 -3.395538
0.995657 0.060210 0.071007 228.696405 -0.065834 0.994641 0.079724 -10.293767 -0.065827 -0.084052 0.994285 -3.479453
0.995508 0.061137 0.072290 229.673170 -0.066801 0.994656 0.078717 -10.337797 -0.067091 -0.083193 0.994272 -3.550781
0.995560 0.061863 0.070946 230.715923 -0.067510 0.994492 0.080178 -10.440844 -0.065595 -0.084612 0.994253 -3.673397
0.995738 0.061119 0.069067 231.774678 -0.066589 0.994577 0.079887 -10.498843 -0.063810 -0.084146 0.994408 -3.721962
0.995365 0.062271 0.073280 232.691902 -0.068019 0.994571 0.078755 -10.548338 -0.067978 -0.083374 0.994197 -3.783246
0.995430 0.061944 0.072672 233.744265 -0.067691 0.994536 0.079480 -10.638791 -0.067352 -0.084036 0.994184 -3.862609
0.995430 0.062114 0.072531 234.744922 -0.067838 0.994538 0.079324 -10.706548 -0.067208 -0.083882 0.994207 -3.890377
0.995564 0.062527 0.070306 235.813541 -0.068158 0.994399 0.080777 -10.817772 -0.064861 -0.085210 0.994250 -4.015329
0.995561 0.062719 0.070173 236.844781 -0.068336 0.994391 0.080730 -10.882060 -0.064716 -0.085167 0.994263 -4.071430
0.995737 0.062042 0.068252 237.922318 -0.067472 0.994480 0.080358 -10.942512 -0.062890 -0.084620 0.994427 -4.141924
0.995493 0.064291 0.069711 238.898939 -0.069774 0.994406 0.079294 -11.011147 -0.064223 -0.083801 0.994411 -4.247525
0.995911 0.064273 0.063489 240.048073 -0.069203 0.994488 0.078775 -11.064848 -0.058076 -0.082847 0.994869 -4.294429
0.996000 0.064445 0.061887 241.098776 -0.069322 0.994366 0.080187 -11.161243 -0.056370 -0.084156 0.994857 -4.358303
0.995320 0.066649 0.069966 241.955242 -0.072075 0.994334 0.078133 -11.226646 -0.064362 -0.082810 0.994485 -4.510661
0.995925 0.063591 0.063945 243.115011 -0.068560 0.994532 0.078782 -11.281190 -0.058586 -0.082845 0.994839 -4.495114
0.995990 0.063184 0.063344 244.153182 -0.068098 0.994572 0.078677 -11.349895 -0.058029 -0.082675 0.994886 -4.557293
0.996011 0.062752 0.063439 245.180430 -0.067789 0.994435 0.080643 -11.461742 -0.058026 -0.084622 0.994722 -4.639361
0.996383 0.061783 0.058343 246.297667 -0.066332 0.994620 0.079564 -11.490672 -0.053113 -0.083146 0.995121 -4.634584
0.996376 0.061984 0.058253 247.324239 -0.066498 0.994649 0.079060 -11.559084 -0.053041 -0.082647 0.995166 -4.701485
0.996390 0.060750 0.059305 248.334726 -0.065483 0.994525 0.081433 -11.655113 -0.054033 -0.085022 0.994913 -4.747497
0.996344 0.061661 0.059135 249.352145 -0.066456 0.994341 0.082885 -11.754746 -0.053690 -0.086511 0.994803 -4.795934
0.996405 0.061764 0.057985 250.398680 -0.066446 0.994363 0.082626 -11.808632 -0.052555 -0.086182 0.994892 -4.832471
0.996639 0.061662 0.053935 251.487523 -0.065969 0.994438 0.082107 -11.871847 -0.048572 -0.085389 0.995163 -4.890045
0.996544 0.059883 0.057568 252.474659 -0.064629 0.994328 0.084465 -11.977438 -0.052184 -0.087894 0.994762 -4.978588
0.996502 0.060582 0.057558 253.487010 -0.065351 0.994240 0.084949 -12.046533 -0.052080 -0.088414 0.994721 -4.999928
0.996319 0.062251 0.058933 254.478442 -0.067058 0.994253 0.083447 -12.097040 -0.053400 -0.087092 0.994768 -5.052873
0.996378 0.062179 0.058014 255.522337 -0.066938 0.994210 0.084054 -12.175050 -0.052452 -0.087633 0.994771 -5.100583
0.996538 0.060508 0.057014 256.512495 -0.065181 0.994330 0.084025 -12.193483 -0.051607 -0.087450 0.994831 -5.041191
0.996401 0.059534 0.060344 257.444793 -0.064235 0.994787 0.079206 -12.161494 -0.055314 -0.082797 0.995030 -5.086227
0.996362 0.061432 0.059065 258.473905 -0.066177 0.994427 0.082067 -12.286004 -0.053694 -0.085677 0.994875 -5.125302
0.996123 0.063485 0.060897 259.452245 -0.068421 0.994222 0.082714 -12.400621 -0.055294 -0.086560 0.994711 -5.239436
0.995886 0.062546 0.065573 260.324030 -0.067738 0.994475 0.080193 -12.379588 -0.060195 -0.084305 0.994620 -5.232923
0.995823 0.064544 0.064587 261.299080 -0.069655 0.994336 0.080273 -12.446194 -0.059040 -0.084436 0.994678 -5.218970
0.995866 0.063026 0.065411 262.274751 -0.068115 0.994566 0.078732 -12.465052 -0.060093 -0.082862 0.994748 -5.264119
0.995474 0.063719 0.070513 263.156020 -0.069177 0.994560 0.077877 -12.504310 -0.065168 -0.082402 0.994466 -5.329651
0.995351 0.064174 0.071813 264.121688 -0.069593 0.994700 0.075687 -12.546019 -0.066575 -0.080333 0.994542 -5.414709
0.995126 0.066366 0.072935 265.075839 -0.071935 0.994465 0.076578 -12.651650 -0.067450 -0.081452 0.994392 -5.472500
0.994699 0.068821 0.076402 265.969745 -0.074600 0.994347 0.075556 -12.720647 -0.070770 -0.080856 0.994210 -5.583957
0.994543 0.073128 0.074412 266.951231 -0.078507 0.994301 0.072125 -12.733694 -0.068714 -0.077573 0.994616 -5.646041
0.995391 0.063702 0.071683 267.983330 -0.069215 0.994606 0.077248 -12.796527 -0.066375 -0.081853 0.994432 -5.559871
0.995167 0.065426 0.073233 268.906258 -0.071016 0.994535 0.076533 -12.858141 -0.067825 -0.081364 0.994374 -5.599511
0.994950 0.066578 0.075111 269.881662 -0.072314 0.994450 0.076422 -13.004009 -0.069606 -0.081468 0.994242 -5.812648
0.994830 0.066149 0.077051 270.815916 -0.071974 0.994549 0.075443 -13.049151 -0.071641 -0.080599 0.994169 -5.871462
0.994688 0.067467 0.077745 271.783695 -0.073411 0.994377 0.076318 -13.154715 -0.072159 -0.081619 0.994048 -5.973473
0.994063 0.069658 0.083588 272.675556 -0.076060 0.994201 0.076018 -13.230623 -0.077808 -0.081924 0.993597 -6.057070
0.993624 0.069518 0.088759 273.589278 -0.076428 0.994098 0.076988 -13.331646 -0.082883 -0.083281 0.993073 -6.158123
0.992845 0.070057 0.096701 274.465288 -0.077782 0.993870 0.078569 -13.439988 -0.090604 -0.085528 0.992208 -6.263121
0.993031 0.069870 0.094904 275.476835 -0.077404 0.993931 0.078166 -13.530790 -0.088867 -0.084967 0.992413 -6.394612
0.992744 0.069252 0.098306 276.432755 -0.076931 0.994090 0.076596 -13.604979 -0.092421 -0.083603 0.992204 -6.534325
0.992543 0.067911 0.101229 277.381936 -0.076180 0.993864 0.080189 -13.739083 -0.095162 -0.087303 0.991626 -6.662616
0.992217 0.071723 0.101791 278.360797 -0.080115 0.993498 0.080896 -13.856666 -0.095327 -0.088422 0.991511 -6.825923
0.992202 0.071288 0.102237 279.383226 -0.079785 0.993468 0.081580 -13.964820 -0.095754 -0.089100 0.991409 -6.976124
0.992234 0.070543 0.102451 280.420280 -0.079083 0.993503 0.081835 -14.084057 -0.096013 -0.089301 0.991366 -7.153769
0.991957 0.070160 0.105349 281.408709 -0.078980 0.993496 0.082028 -14.188678 -0.098909 -0.089688 0.991046 -7.295476
0.991920 0.071328 0.104916 282.456498 -0.080276 0.993253 0.083693 -14.320059 -0.098238 -0.091439 0.990953 -7.439279
0.991503 0.071974 0.108354 283.424506 -0.081273 0.993146 0.083996 -14.419600 -0.101566 -0.092089 0.990557 -7.562650
0.990553 0.073374 0.115851 284.336164 -0.083280 0.993054 0.083118 -14.510759 -0.108947 -0.091980 0.989783 -7.713201
0.990828 0.072220 0.114208 285.439059 -0.082085 0.993065 0.084169 -14.652923 -0.107337 -0.092771 0.989885 -7.891228
0.990857 0.070992 0.114727 286.527753 -0.080852 0.993205 0.083702 -14.773593 -0.108005 -0.092213 0.989864 -8.108332
0.990312 0.072307 0.118552 287.510200 -0.082472 0.993114 0.083206 -14.867978 -0.111719 -0.092177 0.989456 -8.245656
0.989142 0.074599 0.126625 288.417339 -0.085252 0.993070 0.080901 -14.954537 -0.119712 -0.090818 0.988646 -8.441833
0.989352 0.072313 0.126311 289.538845 -0.083533 0.992795 0.085910 -15.191728 -0.119188 -0.095546 0.988264 -8.684674
0.989266 0.072655 0.126786 290.639376 -0.084750 0.992075 0.092756 -15.424485 -0.119043 -0.102506 0.987584 -8.813561
0.989483 0.070387 0.126371 291.797189 -0.082258 0.992418 0.091319 -15.570246 -0.118985 -0.100753 0.987771 -9.099323
0.989588 0.071879 0.124698 292.977045 -0.083468 0.992407 0.090344 -15.635289 -0.117257 -0.099812 0.988073 -9.228907
0.989042 0.072490 0.128611 294.037396 -0.084386 0.992397 0.089592 -15.767857 -0.121138 -0.099463 0.987640 -9.476304
0.989438 0.072788 0.125353 295.258190 -0.084236 0.992501 0.088583 -15.872331 -0.117966 -0.098206 0.988150 -9.678780
0.989129 0.070821 0.128876 296.361760 -0.082917 0.992389 0.091042 -16.047236 -0.121447 -0.100738 0.987473 -9.899327
0.989372 0.069888 0.127507 297.573302 -0.081767 0.992539 0.090443 -16.154016 -0.120235 -0.099908 0.987705 -10.095353
0.989489 0.069797 0.126645 298.771492 -0.081606 0.992540 0.090585 -16.267285 -0.119378 -0.099968 0.987803 -10.265768
0.990056 0.067963 0.123165 300.045547 -0.079559 0.992592 0.091819 -16.393692 -0.116013 -0.100705 0.988129 -10.422904
0.990200 0.066962 0.122555 301.243339 -0.078525 0.992650 0.092086 -16.496132 -0.115488 -0.100807 0.988180 -10.572863
0.990717 0.066324 0.118661 302.515588 -0.077366 0.992840 0.091010 -16.568499 -0.111776 -0.099345 0.988755 -10.701237
0.990624 0.064819 0.120264 303.717254 -0.076145 0.992834 0.092100 -16.680567 -0.113432 -0.100394 0.988461 -10.844121
0.991431 0.062308 0.114816 305.056308 -0.073210 0.992942 0.093313 -16.795775 -0.108191 -0.100919 0.988994 -10.986504
0.990573 0.064140 0.121045 306.090666 -0.075716 0.992728 0.093589 -16.883244 -0.114161 -0.101872 0.988225 -11.094859
0.990936 0.064289 0.117949 307.342147 -0.075562 0.992726 0.093736 -16.964259 -0.111065 -0.101799 0.988586 -11.185211
0.990894 0.065946 0.117392 308.523489 -0.077324 0.992454 0.095161 -17.081484 -0.110230 -0.103372 0.988516 -11.252911
0.989378 0.069297 0.127785 309.449681 -0.081658 0.992201 0.094175 -17.162949 -0.120262 -0.103609 0.987321 -11.384075
0.989514 0.067912 0.127477 310.636890 -0.080106 0.992430 0.093094 -17.199689 -0.120190 -0.102329 0.987463 -11.480542
0.988774 0.069215 0.132424 311.676743 -0.081544 0.992592 0.090060 -17.225839 -0.125209 -0.099848 0.987093 -11.631118
0.990348 0.065482 0.122156 313.101809 -0.077082 0.992698 0.092786 -17.326114 -0.115188 -0.101307 0.988164 -11.687542
0.989109 0.068569 0.130236 314.080063 -0.080714 0.992631 0.090384 -17.401931 -0.123079 -0.099912 0.987355 -11.848627
0.988106 0.073178 0.135244 315.104633 -0.085653 0.992356 0.088844 -17.501528 -0.127709 -0.099371 0.986821 -12.026882
0.988862 0.071244 0.130674 316.374787 -0.083195 0.992605 0.088393 -17.531970 -0.123410 -0.098280 0.987477 -12.046538
0.989648 0.067492 0.126655 317.631398 -0.079206 0.992800 0.089854 -17.616147 -0.119679 -0.098956 0.987869 -12.128876
0.989226 0.067378 0.129966 318.711173 -0.079512 0.992713 0.090551 -17.735718 -0.122918 -0.099909 0.987375 -12.281740
0.988097 0.069898 0.137034 319.705523 -0.082749 0.992458 0.090441 -17.863638 -0.129679 -0.100704 0.986429 -12.467909
0.987839 0.070343 0.138656 320.793003 -0.083075 0.992625 0.088280 -17.923757 -0.131424 -0.098726 0.986398 -12.612571
0.988296 0.068038 0.136532 321.976446 -0.080825 0.992620 0.090409 -18.050263 -0.129373 -0.100386 0.986501 -12.755998
0.988348 0.065671 0.137314 323.106057 -0.078758 0.992626 0.092150 -18.153234 -0.130250 -0.101891 0.986232 -12.882862
0.987831 0.068598 0.139584 324.188598 -0.081785 0.992484 0.091035 -18.252435 -0.132290 -0.101343 0.986017 -13.063479
0.987907 0.068259 0.139210 325.346076 -0.081406 0.992515 0.091038 -18.339630 -0.131954 -0.101269 0.986069 -13.198335
0.987285 0.071164 0.142139 326.369135 -0.084286 0.992501 0.088532 -18.386872 -0.134773 -0.099387 0.985880 -13.315073
0.987249 0.072013 0.141961 327.479404 -0.085060 0.992475 0.088085 -18.477848 -0.134550 -0.099037 0.985945 -13.453488
0.987657 0.070027 0.140108 328.644363 -0.082930 0.992620 0.088480 -18.562505 -0.132878 -0.099007 0.986175 -13.594026
0.987311 0.070796 0.142143 329.716664 -0.084116 0.992384 0.089993 -18.685948 -0.134690 -0.100808 0.985747 -13.738679
0.987237 0.070116 0.142994 330.829250 -0.083337 0.992570 0.088659 -18.756748 -0.135715 -0.099444 0.985744 -13.907328
0.986968 0.070965 0.144423 331.929744 -0.084372 0.992459 0.088922 -18.857357 -0.137024 -0.099949 0.985512 -14.062428
0.986537 0.071865 0.146901 332.980986 -0.085455 0.992414 0.088388 -18.932854 -0.139434 -0.099752 0.985194 -14.192180
0.986668 0.072369 0.145769 334.131414 -0.085848 0.992379 0.088400 -19.044923 -0.138261 -0.099736 0.985361 -14.362625
0.986000 0.073905 0.149473 335.163592 -0.087682 0.992274 0.087778 -19.122675 -0.141831 -0.099655 0.984862 -14.503458
0.986424 0.072186 0.147499 336.354706 -0.085803 0.992406 0.088138 -19.212560 -0.140016 -0.099597 0.985127 -14.648264
0.986698 0.072744 0.145380 337.514739 -0.086295 0.992270 0.089181 -19.343982 -0.137769 -0.100540 0.985348 -14.818928
0.985784 0.075581 0.150057 338.504461 -0.089343 0.992178 0.087186 -19.428402 -0.142293 -0.099353 0.984826 -15.032928
0.985859 0.075429 0.149644 339.630691 -0.089180 0.992172 0.087411 -19.549851 -0.141879 -0.099521 0.984869 -15.216826
0.985902 0.075113 0.149514 340.751887 -0.088914 0.992156 0.087864 -19.659166 -0.141741 -0.099920 0.984848 -15.369592
0.986227 0.074551 0.147644 341.921356 -0.088475 0.991996 0.090091 -19.804959 -0.139746 -0.101913 0.984929 -15.533497
0.986492 0.073097 0.146596 343.078088 -0.086885 0.992148 0.089960 -19.915772 -0.138870 -0.101482 0.985097 -15.717100
0.986718 0.074719 0.144240 344.260476 -0.087942 0.992268 0.087579 -19.973247 -0.136581 -0.099100 0.985660 -15.887070
0.986644 0.075586 0.144290 345.401647 -0.088710 0.992268 0.086798 -20.074632 -0.136614 -0.098439 0.985721 -16.082710
0.986578 0.076079 0.144484 346.522133 -0.089075 0.992330 0.085714 -20.134855 -0.136855 -0.097434 0.985788 -16.195968
0.986375 0.073918 0.146973 347.635263 -0.087428 0.992304 0.087682 -20.323331 -0.139361 -0.099337 0.985247 -16.447305
0.986491 0.072801 0.146747 348.775988 -0.086528 0.992228 0.089429 -20.443872 -0.139096 -0.100918 0.985123 -16.586122
0.985816 0.073665 0.150797 349.815354 -0.087542 0.992306 0.087551 -20.522101 -0.143188 -0.099511 0.984680 -16.789716
0.986277 0.073171 0.148001 351.022031 -0.086910 0.992269 0.088590 -20.627498 -0.140375 -0.100237 0.985011 -16.905884
0.986199 0.074619 0.147792 352.150269 -0.088421 0.992088 0.089129 -20.740617 -0.139972 -0.100966 0.984994 -17.055911
0.986339 0.074245 0.147045 353.308340 -0.088215 0.991947 0.090878 -20.874333 -0.139114 -0.102608 0.984946 -17.205748
0.986020 0.075313 0.148635 354.414531 -0.089200 0.992022 0.089079 -20.961373 -0.140741 -0.101092 0.984872 -17.398934
0.985849 0.074979 0.149934 355.532182 -0.089034 0.992015 0.089329 -21.071804 -0.142039 -0.101414 0.984652 -17.578768
0.986162 0.074359 0.148172 356.717125 -0.088330 0.992012 0.090050 -21.172819 -0.140292 -0.101892 0.984853 -17.710232
0.986173 0.073223 0.148663 357.870200 -0.087225 0.992119 0.089959 -21.278289 -0.140905 -0.101682 0.984788 -17.904382
0.986332 0.073311 0.147562 359.042009 -0.087389 0.991982 0.091293 -21.410200 -0.139686 -0.102941 0.984830 -18.064802
0.986159 0.072422 0.149151 360.155128 -0.086800 0.991945 0.092255 -21.509224 -0.141268 -0.103924 0.984501 -18.197525
0.987134 0.070937 0.143301 361.458666 -0.084379 0.992361 0.090003 -21.574160 -0.135821 -0.100936 0.985578 -18.397995
0.986160 0.072846 0.148938 362.451990 -0.086829 0.992182 0.089643 -21.675072 -0.141243 -0.101334 0.984775 -18.543721
0.985664 0.073517 0.151862 363.526447 -0.087913 0.992021 0.090361 -21.785977 -0.144007 -0.102417 0.984263 -18.708892
0.985317 0.074914 0.153424 364.621963 -0.089495 0.991873 0.090438 -21.892822 -0.145402 -0.102840 0.984013 -18.853855
0.985375 0.075530 0.152743 365.796918 -0.089693 0.992069 0.088056 -21.945279 -0.144881 -0.100468 0.984335 -19.024516
0.984729 0.076562 0.156357 366.846063 -0.091079 0.991958 0.087884 -22.047406 -0.148371 -0.100783 0.983783 -19.221845
0.985021 0.077244 0.154164 368.040205 -0.091428 0.991992 0.087136 -22.130072 -0.146199 -0.099925 0.984196 -19.378764
0.985184 0.076566 0.153461 369.202497 -0.090691 0.992049 0.087258 -22.235488 -0.145560 -0.099883 0.984294 -19.554244
0.985207 0.076374 0.153409 370.352772 -0.090486 0.992072 0.087212 -22.320278 -0.145532 -0.099803 0.984307 -19.700632
0.984932 0.077115 0.154796 371.458196 -0.091346 0.992009 0.087028 -22.423695 -0.146848 -0.099857 0.984106 -19.864412
0.984495 0.078107 0.157062 372.550716 -0.092452 0.991979 0.086198 -22.524348 -0.149070 -0.099382 0.983820 -20.056108
0.984607 0.077338 0.156739 373.711211 -0.091695 0.992020 0.086535 -22.598111 -0.148796 -0.099575 0.983842 -20.136394
0.984257 0.078987 0.158110 374.799042 -0.093356 0.991946 0.085605 -22.723199 -0.150075 -0.099018 0.983704 -20.395978
0.983940 0.079942 0.159598 375.909078 -0.094268 0.991971 0.084299 -22.838088 -0.151578 -0.097990 0.983576 -20.642978
0.983256 0.080666 0.163403 376.974490 -0.095424 0.991838 0.084572 -22.979113 -0.155247 -0.098748 0.982928 -20.872543
0.983771 0.079829 0.160693 378.164652 -0.094397 0.991886 0.085155 -23.088467 -0.152592 -0.098942 0.983324 -21.030355
0.984121 0.078754 0.159068 379.354328 -0.093447 0.991807 0.087100 -23.242080 -0.150906 -0.100582 0.983418 -21.217628
0.984079 0.078923 0.159245 380.496590 -0.093823 0.991663 0.088322 -23.374496 -0.150947 -0.101857 0.983280 -21.383919
0.983489 0.080087 0.162284 381.569069 -0.095304 0.991529 0.088251 -23.504659 -0.153841 -0.102261 0.982790 -21.625616
0.982939 0.080140 0.165558 382.660466 -0.095929 0.991340 0.089676 -23.662757 -0.156938 -0.104028 0.982114 -21.844562
0.982545 0.080647 0.167636 383.773014 -0.096941 0.991085 0.091394 -23.810063 -0.158771 -0.106049 0.981603 -22.019676
0.982735 0.080239 0.166716 384.972729 -0.096516 0.991077 0.091932 -23.965543 -0.157852 -0.106435 0.981710 -22.277627
0.981600 0.081676 0.172597 386.007012 -0.098467 0.990965 0.091063 -24.070458 -0.163600 -0.106383 0.980774 -22.473512
0.981292 0.085127 0.172682 387.181841 -0.102711 0.990109 0.095572 -24.317863 -0.162838 -0.111521 0.980330 -22.700264
0.982437 0.084242 0.166498 388.510653 -0.101351 0.990104 0.097071 -24.523237 -0.156673 -0.112241 0.981252 -23.037609
0.982431 0.081669 0.167807 389.705231 -0.099091 0.990220 0.098206 -24.695471 -0.158145 -0.113108 0.980916 -23.261748
0.982921 0.080478 0.165497 390.973753 -0.097652 0.990345 0.098395 -24.843139 -0.155980 -0.112876 0.981290 -23.527310
0.982291 0.080800 0.169045 392.100360 -0.098658 0.990079 0.100048 -25.023862 -0.159285 -0.114953 0.980517 -23.773993
0.982527 0.080563 0.167779 393.361506 -0.097928 0.990364 0.097926 -25.113374 -0.158273 -0.112646 0.980949 -24.025100
0.982530 0.081568 0.167274 394.582413 -0.098781 0.990341 0.097296 -25.252166 -0.157722 -0.112119 0.981098 -24.293143
0.982644 0.081851 0.166465 395.829536 -0.098894 0.990378 0.096802 -25.387685 -0.156940 -0.111584 0.981284 -24.536467
0.983046 0.081753 0.164124 397.121546 -0.098655 0.990323 0.097612 -25.550848 -0.154556 -0.112149 0.981598 -24.804135
0.983357 0.081549 0.162356 398.422764 -0.098098 0.990471 0.096661 -25.650177 -0.152926 -0.110979 0.981986 -25.011008
0.983151 0.081384 0.163681 399.643386 -0.098209 0.990381 0.097466 -25.823810 -0.154174 -0.111899 0.981687 -25.270704
0.983600 0.082355 0.160461 400.979217 -0.098722 0.990392 0.096841 -25.954008 -0.150944 -0.111094 0.982280 -25.496469
0.983595 0.083022 0.160148 402.228949 -0.099225 0.990426 0.095975 -26.062760 -0.150647 -0.110291 0.982416 -25.706553
0.983692 0.083061 0.159535 403.538651 -0.099230 0.990403 0.096200 -26.211449 -0.150014 -0.110461 0.982494 -25.938627
0.984027 0.081028 0.158508 404.856017 -0.097003 0.990665 0.095778 -26.289846 -0.149268 -0.109624 0.982701 -26.073207
0.984070 0.080506 0.158509 406.113309 -0.096594 0.990630 0.096545 -26.445226 -0.149251 -0.110318 0.982626 -26.283652
0.984255 0.081564 0.156812 407.413170 -0.097473 0.990540 0.096591 -26.570549 -0.147450 -0.110355 0.982894 -26.453482
0.984860 0.078450 0.154587 408.749472 -0.094245 0.990750 0.097636 -26.661989 -0.145497 -0.110727 0.983143 -26.553807
0.984689 0.079222 0.155278 409.980213 -0.095062 0.990696 0.097384 -26.751544 -0.146118 -0.110654 0.983059 -26.676741
0.985225 0.080328 0.151257 411.358749 -0.095587 0.990736 0.096463 -26.865577 -0.142107 -0.109496 0.983777 -26.861624
0.985052 0.080972 0.152040 412.589776 -0.096154 0.990793 0.095307 -26.939158 -0.142923 -0.108502 0.983768 -26.994018
0.985389 0.080378 0.150158 413.909380 -0.095374 0.990851 0.095487 -27.040621 -0.141109 -0.108413 0.984040 -27.106586
0.985413 0.080211 0.150091 415.152608 -0.095183 0.990880 0.095376 -27.129028 -0.141072 -0.108271 0.984061 -27.208824
0.985522 0.080928 0.148987 416.401765 -0.095684 0.990898 0.094692 -27.225219 -0.139968 -0.107576 0.984295 -27.378748
0.985152 0.082473 0.150579 417.573440 -0.097380 0.990755 0.094459 -27.349067 -0.141397 -0.107719 0.984075 -27.559020
0.984620 0.083821 0.153287 418.720408 -0.098913 0.990682 0.093627 -27.434290 -0.144011 -0.107349 0.983736 -27.654134
0.984427 0.085449 0.153629 419.913181 -0.100327 0.990707 0.091839 -27.513129 -0.144354 -0.105822 0.983852 -27.796916
0.984192 0.087173 0.154165 421.077893 -0.102154 0.990498 0.092075 -27.634174 -0.144673 -0.106368 0.983746 -27.905751
0.984082 0.087695 0.154569 422.284568 -0.102564 0.990556 0.090993 -27.686140 -0.145130 -0.105397 0.983783 -27.997922
0.984226 0.088022 0.153464 423.473187 -0.102690 0.990595 0.090422 -27.762771 -0.144062 -0.104755 0.984009 -28.064039
0.984146 0.089268 0.153258 424.644678 -0.103842 0.990525 0.089869 -27.861509 -0.143784 -0.104359 0.984091 -28.194836
0.983730 0.090060 0.155447 425.747003 -0.104883 0.990410 0.089935 -27.955203 -0.145857 -0.104776 0.983742 -28.286608
0.983615 0.091866 0.155120 426.853303 -0.106640 0.990238 0.089760 -28.040951 -0.145360 -0.104831 0.983809 -28.401918
0.983250 0.089747 0.158637 427.934693 -0.104832 0.990462 0.089418 -28.122607 -0.149099 -0.104550 0.983280 -28.483068
0.982280 0.091132 0.163773 428.958265 -0.106573 0.990394 0.088098 -28.231624 -0.154171 -0.103991 0.982556 -28.665603
0.982157 0.091319 0.164401 430.038736 -0.106687 0.990462 0.087199 -28.317484 -0.154870 -0.103182 0.982532 -28.792961
0.981503 0.092531 0.167601 431.079013 -0.108092 0.990395 0.086217 -28.420864 -0.158014 -0.102739 0.982078 -28.952310
0.981282 0.091824 0.169273 432.141574 -0.107436 0.990530 0.085486 -28.511464 -0.159820 -0.102072 0.981855 -29.080927
0.981079 0.093079 0.169768 433.198785 -0.108943 0.990265 0.086639 -28.632422 -0.160051 -0.103495 0.981668 -29.219400
0.980706 0.093803 0.171512 434.238825 -0.109708 0.990261 0.085719 -28.743034 -0.161801 -0.102881 0.981446 -29.393175
0.980266 0.094792 0.173474 435.279960 -0.110837 0.990176 0.085250 -28.858480 -0.163689 -0.102795 0.981142 -29.568379
0.980141 0.094447 0.174367 436.335657 -0.110643 0.990166 0.085610 -28.988324 -0.164567 -0.103202 0.980952 -29.764935
0.976972 0.100738 0.188090 437.236754 -0.118419 0.989299 0.085234 -29.217655 -0.177491 -0.105545 0.978446 -30.121641
0.976838 0.099595 0.189389 438.289793 -0.117306 0.989477 0.084703 -29.318938 -0.178960 -0.104958 0.978242 -30.283809
0.973704 0.103521 0.202938 439.201509 -0.122837 0.988781 0.084987 -29.521486 -0.191863 -0.107681 0.975496 -30.594895
0.973893 0.107092 0.200161 440.288465 -0.126323 0.988265 0.085877 -29.693745 -0.188616 -0.108920 0.975992 -30.786627
0.971862 0.110102 0.208235 441.258617 -0.130099 0.987862 0.084868 -29.851703 -0.196364 -0.109571 0.974390 -31.072730
0.970294 0.117515 0.211473 442.322577 -0.139263 0.986063 0.091026 -30.209385 -0.197829 -0.117772 0.973136 -31.370003
0.969639 0.113976 0.216357 443.324490 -0.135775 0.986764 0.088673 -30.240354 -0.203387 -0.115357 0.972279 -31.549363
0.969077 0.115001 0.218321 444.357408 -0.136613 0.986834 0.086578 -30.357329 -0.205490 -0.113726 0.972029 -31.768811
0.966243 0.111048 0.232472 445.114977 -0.133387 0.987612 0.082645 -30.301591 -0.220415 -0.110864 0.969085 -31.868177
0.965384 0.112754 0.235202 446.127268 -0.135096 0.987508 0.081094 -30.374902 -0.223120 -0.110061 0.968558 -31.976969
0.962882 0.113502 0.244899 446.945417 -0.136304 0.987575 0.078206 -30.412093 -0.232979 -0.108684 0.966389 -32.165121
0.959016 0.119108 0.257103 447.697820 -0.143341 0.986627 0.077598 -30.643649 -0.244422 -0.111271 0.963263 -32.505060
0.960188 0.111299 0.256226 448.923612 -0.135044 0.987846 0.076968 -30.753777 -0.244546 -0.108506 0.963548 -32.979875
0.959017 0.112731 0.259957 449.916931 -0.136793 0.987653 0.076351 -30.928755 -0.248141 -0.108782 0.962597 -33.319902
0.957567 0.107588 0.267376 450.857882 -0.131877 0.988458 0.074558 -30.971988 -0.256269 -0.106655 0.960703 -33.738747
0.955183 0.105808 0.276460 451.651499 -0.130507 0.988795 0.072472 -30.968141 -0.265694 -0.105304 0.958289 -33.961903
0.951414 0.106473 0.288922 452.217377 -0.131501 0.988941 0.068586 -30.928649 -0.278424 -0.103248 0.954893 -34.131531
0.944271 0.105776 0.311712 452.095192 -0.132799 0.988895 0.066718 -30.841232 -0.301193 -0.104395 0.947831 -33.680967
0.936940 0.103587 0.333785 452.108866 -0.133791 0.988622 0.068746 -30.985745 -0.322866 -0.109069 0.940139 -33.894116
0.934954 0.096592 0.341365 452.900677 -0.125589 0.990026 0.063836 -30.823422 -0.331795 -0.102556 0.937760 -34.611856
0.931145 0.105147 0.349160 453.496051 -0.135989 0.988579 0.064955 -31.282235 -0.338343 -0.107965 0.934809 -34.747504
0.927929 0.101514 0.358668 454.102030 -0.132767 0.989109 0.063539 -31.331708 -0.348311 -0.106579 0.931300 -35.455704
0.924795 0.102701 0.366342 454.830046 -0.134684 0.988899 0.062766 -31.457971 -0.355829 -0.107386 0.928361 -35.832928
0.922201 0.091837 0.375647 455.593648 -0.123367 0.990502 0.060708 -31.330905 -0.366504 -0.102328 0.924772 -36.705645
0.917544 0.096735 0.385687 456.224753 -0.129535 0.989763 0.059918 -31.623650 -0.375943 -0.104937 0.920682 -37.477399
0.913869 0.100597 0.393349 456.836732 -0.134397 0.989153 0.059274 -31.801728 -0.383119 -0.107033 0.917477 -37.682834
0.909445 0.102394 0.403020 457.375115 -0.137006 0.988875 0.057925 -32.007838 -0.392605 -0.107896 0.913356 -38.467029
0.905264 0.102696 0.412252 457.859042 -0.137915 0.988830 0.056519 -32.214790 -0.401843 -0.108020 0.909315 -39.464596
0.901081 0.102182 0.421440 458.452665 -0.137957 0.988899 0.055199 -32.399832 -0.411122 -0.107879 0.905175 -40.422203
0.897107 0.102005 0.429877 459.028766 -0.138303 0.988919 0.053963 -32.517160 -0.419609 -0.107863 0.901273 -41.002526
0.892526 0.102464 0.439203 459.588533 -0.139259 0.988874 0.052296 -32.752371 -0.428958 -0.107838 0.896864 -42.121883
0.888728 0.102289 0.446878 460.224320 -0.139519 0.988899 0.051112 -32.876191 -0.436689 -0.107772 0.893134 -42.716297
0.884181 0.100954 0.456105 460.726563 -0.138643 0.989088 0.049841 -32.890813 -0.446096 -0.107304 0.888529 -43.161088
0.878120 0.101650 0.467517 461.347854 -0.139366 0.989139 0.046702 -33.510469 -0.457693 -0.106166 0.882749 -45.844358
0.874669 0.099296 0.474442 461.998046 -0.137147 0.989494 0.045750 -33.522262 -0.464914 -0.105085 0.879097 -46.180920
0.871704 0.098327 0.480067 462.716155 -0.136583 0.989591 0.045319 -33.490611 -0.470614 -0.105074 0.876061 -46.167542
0.868132 0.097939 0.486574 463.170024 -0.136578 0.989630 0.044483 -33.517935 -0.477172 -0.105072 0.872506 -46.623130
0.863655 0.098085 0.494449 463.698115 -0.137157 0.989604 0.043263 -33.643936 -0.485065 -0.105181 0.868130 -47.335210
0.859587 0.098144 0.501476 464.228561 -0.137604 0.989588 0.042196 -33.770779 -0.492113 -0.105277 0.864142 -47.933859
0.860964 0.093225 0.500051 465.522631 -0.131211 0.990496 0.041253 -33.607867 -0.491453 -0.101129 0.865013 -44.331341
0.856447 0.094477 0.507517 466.120677 -0.133765 0.990148 0.041410 -33.538389 -0.498604 -0.103353 0.860646 -45.056873
0.853905 0.093715 0.511921 464.216286 -0.132668 0.990353 0.039997 -33.800409 -0.503235 -0.102070 0.858101 -48.036565
0.852250 0.096783 0.514104 467.061606 -0.136800 0.989773 0.040449 -33.575151 -0.504931 -0.104802 0.856774 -44.034723
0.849569 0.103127 0.517298 467.203539 -0.145727 0.988421 0.042283 -33.315132 -0.506947 -0.111306 0.854760 -43.579311
0.847142 0.106457 0.520593 466.777028 -0.151454 0.987461 0.044529 -32.891903 -0.509325 -0.116568 0.852643 -43.925966
0.844126 0.102732 0.526210 467.354721 -0.146378 0.988343 0.041860 -33.144395 -0.515775 -0.112360 0.849324 -43.802125
0.841150 0.100009 0.531474 467.805266 -0.142567 0.988995 0.039535 -33.394606 -0.521672 -0.109025 0.846151 -43.989727
0.836022 0.100881 0.539342 468.552064 -0.144928 0.988644 0.039729 -33.184092 -0.529210 -0.111380 0.841149 -44.150304
0.831061 0.105432 0.546096 469.043429 -0.150877 0.987787 0.038901 -33.380927 -0.535325 -0.114722 0.836819 -44.728377
0.827785 0.102587 0.551586 469.599748 -0.147022 0.988448 0.036804 -33.586625 -0.541439 -0.111562 0.833305 -44.801606
0.823874 0.103977 0.557155 470.766270 -0.150587 0.987854 0.038320 -33.140806 -0.546403 -0.115471 0.829524 -43.988114
0.821422 0.103503 0.560851 470.972467 -0.150070 0.987965 0.037467 -33.167760 -0.550223 -0.114944 0.827069 -43.886539
0.817034 0.104006 0.567132 471.639135 -0.149506 0.988170 0.034165 -33.686774 -0.556869 -0.112703 0.822918 -43.995285
0.813131 0.104940 0.572543 472.551534 -0.150703 0.988030 0.032935 -33.797771 -0.562234 -0.113065 0.819213 -43.709010
0.808086 0.105701 0.579504 472.946215 -0.151269 0.988015 0.030724 -34.115644 -0.569311 -0.112489 0.814390 -44.688363
0.802123 0.106035 0.587669 473.816516 -0.151468 0.988052 0.028465 -34.427422 -0.577629 -0.111846 0.808601 -45.448793
0.797320 0.105072 0.594341 474.794632 -0.149546 0.988416 0.025879 -34.767043 -0.584737 -0.109515 0.803797 -45.311929
0.792409 0.105212 0.600848 475.595703 -0.151625 0.988071 0.026949 -34.356631 -0.590845 -0.112459 0.798909 -45.589566
0.786893 0.105991 0.607919 476.794660 -0.150883 0.988284 0.022996 -34.984479 -0.598359 -0.109820 0.793666 -45.247548
0.781908 0.105308 0.614434 477.448836 -0.150195 0.988418 0.021728 -35.157978 -0.605030 -0.109275 0.788669 -45.885163
0.775445 0.105375 0.622560 479.012547 -0.150031 0.988488 0.019562 -35.390460 -0.613332 -0.108572 0.782328 -45.562063
0.769511 0.105799 0.629809 479.652363 -0.151068 0.988349 0.018549 -35.436120 -0.620509 -0.109418 0.776529 -46.209435
0.764116 0.105424 0.636406 480.418789 -0.151718 0.988252 0.018455 -35.242427 -0.626984 -0.110656 0.771133 -46.557894
0.758475 0.103478 0.643435 481.504075 -0.149698 0.988577 0.017478 -35.417855 -0.634276 -0.109578 0.765302 -46.713819
0.752050 0.104145 0.650826 482.671861 -0.150916 0.988414 0.016222 -35.422897 -0.641596 -0.110419 0.759054 -46.815469
0.747467 0.103591 0.656172 483.247541 -0.150143 0.988551 0.014968 -35.616439 -0.647109 -0.109708 0.754463 -47.343065
0.741329 0.103083 0.663178 484.424356 -0.149830 0.988615 0.013819 -35.720642 -0.654204 -0.109608 0.748334 -47.321806
0.735357 0.103204 0.669775 485.405784 -0.149563 0.988681 0.011864 -35.990286 -0.660969 -0.108898 0.742469 -47.560701
0.729892 0.103321 0.675709 486.117304 -0.150142 0.988603 0.011017 -35.980373 -0.666870 -0.109493 0.737086 -47.942059
0.721350 0.102070 0.685008 488.667591 -0.149484 0.988713 0.010091 -36.008597 -0.676246 -0.109676 0.728466 -46.898127
0.715424 0.107025 0.690445 489.414930 -0.156275 0.987674 0.008831 -35.512663 -0.680990 -0.114217 0.723331 -46.704174
0.708586 0.103255 0.698028 491.089775 -0.150888 0.988526 0.006944 -36.217932 -0.689303 -0.110245 0.716036 -46.330283
0.696621 0.103367 0.709954 493.680411 -0.151114 0.988507 0.004352 -36.569119 -0.701344 -0.110316 0.704235 -46.919512
0.684173 0.104013 0.721865 496.048889 -0.150718 0.988577 0.000405 -37.229020 -0.713576 -0.109075 0.692034 -47.781275
0.665642 0.102246 0.739233 500.893279 -0.148917 0.988846 -0.002678 -37.682650 -0.731262 -0.108302 0.673444 -46.889979
0.650180 0.099300 0.753263 505.486111 -0.151402 0.988472 0.000376 -36.532298 -0.744542 -0.114290 0.657719 -44.660765
0.646132 0.100586 0.756569 504.755051 -0.152443 0.988312 -0.001205 -36.903434 -0.747847 -0.114555 0.653913 -48.238818
0.635957 0.100387 0.765168 506.671242 -0.152504 0.988299 -0.002909 -37.129807 -0.756506 -0.114841 0.643824 -48.915927
0.624949 0.100911 0.774116 508.365056 -0.152587 0.988274 -0.005643 -37.606823 -0.765608 -0.114594 0.633018 -50.500428
0.613827 0.098807 0.783233 510.427069 -0.152396 0.988306 -0.005243 -37.472366 -0.774591 -0.116143 0.621707 -51.362192
